1512264173,1
1511603941,2
1512314102,2
1512267506,4
1512043690,1
1512125344,5
1512214919,4
1512098875,1
1512312173,3
1511847527,1
1512285134,7
1512131522,12
1512178763,2
1512284346,4
1512298788,7
1512227509,3
1511874256,1
1512306894,2
1512272985,3
1511667446,1
1512145600,2
1512012064,1
1512006077,1
1512212670,5
1511967873,1
1511663399,1
1511850069,3
1511951856,6
1512015806,5
1512053678,1
1511861660,3
1512219030,4
1512267238,3
1511748338,2
1511748479,1
1511756717,1
1512041017,2
1512100060,1
1511626467,4
1512234196,5
1511705793,2
1512274374,1
1512288509,1
1512311996,1
1512307953,8
1512191764,8
1511858010,1
1511543946,3
1512307174,4
1511771150,3
1512313172,11
1511875532,1
1512284467,3
1512290580,7
1512279647,8
1511828122,1
1512048610,1
1512280813,19
1512020867,2
1511997872,1
1512096627,1
1512123135,6
1512297454,3
1511768324,2
1512182814,3
1512282627,2
1512136441,1
1512193436,1
1512196983,6
1511936152,2
1511942908,3
1512137112,2
1512270212,2
1511943896,3
1511796716,1
1512310737,4
1511937789,3
1512057885,8
1512052435,7
1511670707,1
1511949055,1
1512133006,4
1512045803,5
1512212386,3
1512304852,10
1512128603,1
1512207164,1
1512021611,4
1512125022,3
1511968607,2
1511953479,3
1512094087,3
1512021745,4
1511928983,1
1512222243,16
1512298655,1
1512125653,1
1512221459,3
1511703594,1
1512278947,2
1511767181,1
1512004420,2
1512293150,1
1512112031,5
1511696228,1
1512285750,5
1512166469,1
1512029403,2
1512302982,4
1512195695,1
1512033660,3
1511927402,1
1512142173,2
1511673288,1
1512021229,1
1512126725,4
1512006269,7
1512090326,4
1512189869,2
1511715318,2
1512213509,3
1512303876,5
1512106430,2
1511885334,1
1512279728,3
1511954885,1
1512188153,1
1511769896,2
1512131579,4
1511684127,1
1511936087,1
1512031057,3
1511660928,1
1512035966,1
1512309174,10
1512188902,2
1512012492,3
1511868366,2
1511713256,1
1512279482,28
1511970431,2
1512206789,1
1512277939,1
1512280408,6
1512288193,3
1512034151,4
1512297257,3
1512227830,5
1511619431,2
1511879932,2
1512111589,5
1511935363,1
1512203492,4
1512170371,2
1511682519,1
1512039401,4
1512049105,1
1512304355,4
1512283889,2
1511946508,3
1512171488,5
1512316487,1
1512135157,3
1511966504,1
1512285066,13
1511924733,2
1512261495,4
1512289039,10
1512245658,2
1512202106,1
1512045812,2
1512006043,4
1512286091,4
1512094322,6
1511685309,3
1512121527,1
1512195002,2
1512180448,2
1511790642,1
1512041875,15
1512228209,1
1512181032,5
1511923392,1
1511788263,1
1512134516,3
1511868584,14
1512217519,2
1511792195,1
1512012071,5
1512301009,10
1512308982,8
1512147054,2
1512126041,2
1512093971,7
1512214152,2
1511859940,3
1512014551,2
1511942275,1
1512308719,2
1512212149,3
1511994970,1
1512016723,6
1512292406,5
1511652357,5
1511848762,1
1511826416,1
1511880592,1
1512093036,1
1511779515,1
1512276507,1
1512310118,2
1512223409,3
1511675227,1
1512266118,8
1511851481,1
1512266068,10
1512283937,1
1512226450,1
1512036783,2
1512127770,7
1511858545,2
1512210379,2
1512219581,1
1512223010,4
1512020675,2
1512135997,1
1511749181,1
1511687895,1
1512268672,6
1512045411,2
1512022838,1
1512313244,9
1511565579,2
1511923915,1
1512260841,4
1512133884,2
1512049605,9
1512227157,2
1511956516,2
1512304868,3
1512098959,1
1511746880,1
1512121644,1
1512213597,1
1512007732,2
1512277379,5
1512007416,3
1512265764,8
1511866407,1
1512260607,2
1511831524,3
1511687253,1
1511871625,3
1512183696,4
1511885117,2
1511887528,3
1512137837,1
1511930710,2
1512308521,4
1511958216,1
1512022110,1
1512238432,4
1512217770,7
1512139032,2
1511655169,3
1512210801,1
1512181299,2
1511945063,3
1512215177,8
1512104670,4
1512021758,15
1512205997,5
1512213702,2
1511800003,2
1512106682,5
1512289125,2
1512205332,3
1512267075,2
1512267390,1
1512033381,2
1512276363,2
1511943945,1
1512110327,2
1512094283,1
1512203443,5
1512043841,3
1512126006,5
1512138510,3
1512314429,6
1512042477,4
1511851336,1
1512186276,1
1512309789,2
1512266970,3
1512297986,2
1511676764,1
1512313273,2
1511959099,1
1512302982,4
1512031522,1
1512019819,1
1512283191,4
1512309525,16
1512050223,4
1512220359,5
1512056216,3
1512295605,7
1511932373,1
1511843884,8
1511854265,5
1511832599,1
1512170970,5
1512293891,4
1512041040,4
1511795838,1
1512101503,3
1512307896,2
1512037191,2
1511864589,5
1512183055,3
1511836362,1
1512188354,3
1512303379,10
1511700435,2
1512287883,2
1511963690,1
1512196688,7
1512298854,3
1512048444,3
1512262968,3
1512101357,1
1511687171,1
1512207317,5
1511883515,3
1512270997,5
1511703990,2
1512299966,2
1512203548,11
1512108655,4
1512104967,10
1512215668,9
1512272414,8
1512170580,5
1512227992,2
1512282574,2
1512271931,2
1512111908,1
1512050285,3
1512282191,1
1511581289,1
1512218438,3
1511940738,1
1512273757,10
1512299943,2
1512311061,1
1511958806,2
1512313382,3
1511837179,1
1511955308,3
1511958551,7
1511854429,1
1511910230,5
1511873880,6
1512217149,2
1512274913,10
1512288470,1
1512122679,7
1512137231,5
1512219029,3
1511704357,5
1512091587,1
1512091539,1
1512017308,3
1512048779,5
1511680648,3
1512280540,2
1512207881,5
1511766706,1
1511579592,2
1511761862,1
1512061400,1
1511954699,1
1511862614,1
1511876344,2
1512215401,6
1512012210,1
1512288266,1
1512310572,4
1511973872,7
1511828164,4
1512173595,1
1512202027,1
1512113929,2
1512021192,5
1512273834,2
1512288840,4
1512257407,6
1512112778,5
1512201265,8
1512267359,1
1511798335,1
1512221737,2
1511997396,1
1512305612,7
1512314843,2
1512187575,7
1512260513,1
1512224133,2
1512223418,1
1512181981,3
1512267561,2
1512131610,4
1512179523,2
1511726659,7
1512168075,3
1511884357,2
1512305947,2
1512127698,12
1512019006,1
1512307219,1
1512294282,1
1511761665,1
1512211985,1
1512304096,3
1512090099,3
1512312210,2
1512049292,1
1512196943,3
1511824121,1
1512172476,1
1512280440,2
1512306171,3
1511919712,7
1512288051,1
1512303111,6
1512121558,5
1512125194,5
1511793099,2
1512226232,2
1512305247,4
1512023812,4
1512217011,2
1512266144,5
1512273073,6
1512115810,1
1511596584,1
1512186626,2
1511624548,1
1512311661,8
1512310056,4
1512292571,4
1511965663,3
1511925298,2
1512174582,1
1512204356,1
1512220776,2
1512137840,5
1512128395,1
1512275293,1
1512088695,3
1512024973,2
1511833774,1
1512007222,1
1511870238,4
1511786632,2
1511773821,1
1512298547,1
1511620876,1
1512196227,5
1512202542,1
1511872338,2
1512051060,2
1511758535,5
1512237041,2
1512205793,2
1512045802,6
1512268475,4
1511943828,2
1512306283,2
1512223384,1
1512120336,6
1511650670,1
1512283116,5
1511590941,1
1512095777,1
1512015622,1
1512040147,1
1512288258,3
1512286064,6
1511877494,2
1512296137,1
1512288788,3
1512275878,4
1511881118,1
1511871878,1
1512095976,1
1512229526,1
1511667882,1
1512205948,2
1511619831,1
1511733858,1
1512142699,3
1512232801,6
1512124086,1
1511786434,2
1512186346,3
1512149298,3
1511778793,3
1512305607,1
1512292087,5
1511638291,1
1512228792,4
1512024863,2
1511690559,1
1512133544,3
1512180674,2
1512275753,3
1512204178,8
1511874991,1
1512096886,2
1512022048,1
1512302218,1
1511794462,1
1512049910,1
1511631789,1
1511662569,2
1512136522,2
1511584777,1
1512303517,4
1512278982,4
1512264450,7
1511698861,1
1512288023,2
1511693547,3
1511936283,2
1511693389,2
1512276012,4
1512263936,4
1512311631,4
1512298592,6
1511932090,2
1512187800,2
1512021997,2
1512213977,5
1511993769,1
1511794271,4
1512135917,3
1511976642,6
1512037714,1
1512279796,2
1512305425,4
1512118292,1
1511870159,2
1511858312,3
1512283095,6
1511592858,1
1512095275,1
1511959802,2
1512311501,3
1512284619,2
1512041050,3
1512313286,9
1512097302,5
1512206212,1
1511699563,1
1512142797,3
1511937844,1
1512304059,1
1511938023,1
1512183490,1
1512179596,1
1512311031,2
1511932196,3
1512279682,3
1512212750,5
1512289782,2
1512052620,1
1511995710,1
1512310519,2
1512293662,10
1512127711,6
1512214041,3
1512130312,2
1511575980,1
1512307440,1
1512191841,1
1512279712,2
1512102169,3
1511695194,1
1512214977,4
1512020933,1
1512284634,3
1512233666,1
1511799450,1
1512206635,31
1512287213,9
1511671385,1
1511879578,1
1512220690,2
1512303306,3
1511779437,4
1511789829,1
1512190447,2
1512314370,1
1511680964,2
1512178713,5
1511964515,2
1512301065,43
1512298956,2
1512090271,1
1512145740,1
1512192305,2
1512302358,1
1512230532,1
1512200446,2
1511704808,2
1511966250,1
1512225952,3
1512315564,1
1512228611,2
1512235361,4
1511877938,1
1512177244,4
1512315764,2
1511598860,2
1512198996,12
1512040348,3
1511569430,1
1512143133,1
1511787420,3
1512068039,1
1512289531,1
1512288265,2
1512041634,4
1512299471,5
1512267485,2
1511617161,3
1511871620,2
1511700073,1
1512222887,1
1511954002,3
1512005093,6
1511936731,3
1512045536,8
1512048751,1
1512104487,3
1512261970,4
1512049517,2
1512138825,1
1512297412,1
1511762201,1
1511843427,1
1511866652,2
1511822852,2
1512198685,1
1511622651,1
1512112063,1
1512118744,5
1512268969,3
1512278306,6
1512179900,5
1511914933,3
1512222989,2
1512121096,1
1512295945,1
1512202378,3
1512020422,1
1512181930,3
1511969299,2
1512133560,2
1512278620,5
1512209934,2
1511855166,2
1512180597,2
1511874515,3
1512296051,1
1511965999,2
1512123915,2
1511945879,3
1512230021,1
1511605619,1
1512289043,1
1512002030,4
1511929596,1
1512233703,2
1512178204,2
1512265995,7
1511734497,2
1512207040,12
1511854893,9
1511859908,2
1512209934,1
1511848905,3
1512049452,1
1512284664,3
1512041658,3
1512177276,1
1511833159,2
1512139874,4
1511953735,2
1512307032,3
1512008152,6
1512311269,2
1512182705,3
1512259672,1
1512298121,2
1512130593,4
1512261183,1
1512224708,2
1512183026,1
1512106832,6
1512227620,3
1511939535,1
1512273488,15
1512187109,1
1512128706,1
1512090516,6
1511660193,1
1512002955,3
1511911529,1
1511706139,1
1512128531,3
1512224333,2
1512284994,6
1512288724,3
1512277833,3
1512004281,1
1511963770,2
1512264004,10
1512226757,3
1512110462,2
1512224902,2
1512145723,8
1512294845,2
1511691111,1
1511871223,1
1512283214,6
1512183256,6
1512193584,7
1511948952,1
1512287201,5
1512289913,2
1512123625,2
1512289258,2
1512227071,8
1512304601,4
1512226154,6
1512171210,2
1512031961,1
1512216231,2
1511938522,6
1512054929,19
1512137577,1
1512278349,3
1512231503,3
1511872930,2
1512231103,2
1511965555,2
1512212963,1
1512018530,4
1511756975,4
1511661235,1
1512220477,6
1512185051,2
1512308115,2
1512224454,2
1512280510,1
1512123810,2
1511959430,1
1511673253,1
1512268260,1
1512105181,3
1512181968,1
1512287445,6
1512303877,2
1512232909,2
1511928935,1
1512193855,2
1512220587,1
1511723857,1
1512230665,10
1511616957,1
1511916910,1
1512031081,2
1512204479,1
1512286735,5
1511837186,2
1511871293,2
1512227350,2
1512214053,1
1511837448,2
1511847984,2
1512041697,3
1511857301,3
1512279254,1
1512125635,1
1512313102,1
1512240897,21
1511759394,1
1511880251,3
1512084642,3
1512101957,2
1512263522,11
1512310509,6
1512288967,4
1512041474,4
1512216196,5
1512261257,1
1511872320,2
1511960755,2
1511963189,1
1512129835,1
1512107651,2
1512217745,3
1512203994,4
1512214178,1
1512195437,5
1512034826,4
1511681082,3
1511648957,1
1512051097,2
1511864016,1
1511970770,1
1512049486,2
1512288594,4
1512051513,4
1511945608,1
1511956213,1
1512303284,4
1512046172,5
1512259738,7
1512178555,3
1512094226,2
1511744372,1
1512190130,1
1512200557,1
1511797267,3
1512224036,1
1512044322,1
1512140253,1
1512258003,1
1512304099,4
1511942670,3
1512303713,1
1512193492,1
1512128184,5
1512261408,2
1512180889,3
1511930305,2
1512292807,1
1511953986,3
1511777061,1
1511808222,1
1511845787,2
1512268266,2
1512088259,2
1512105369,3
1512273858,3
1512128548,5
1511922817,3
1512043332,3
1512203696,2
1511699345,7
1512182535,2
1512027355,3
1511689584,1
1511843880,12
1511941927,1
1512026514,3
1512034797,2
1512265455,2
1512146962,7
1511704163,1
1512037819,1
1511795507,2
1511883920,8
1512284970,4
1512203611,2
1511919153,1
1512137939,3
1512295882,15
1512275770,5
1512103311,4
1512283607,2
1512258166,4
1511677067,1
1512293151,7
1512217115,4
1512227242,4
1512130511,4
1512220087,1
1512270174,1
1512307196,2
1512138612,1
1512268396,2
1512136298,2
1511957884,2
1511845253,1
1512162486,5
1512282436,4
1511955848,6
1512198118,2
1512056807,6
1511693477,2
1511678249,1
1512288857,4
1512230185,5
1511859634,3
1512202032,2
1511782739,4
1512127679,4
1511868228,3
1512216472,1
1512186539,3
1511837718,3
1512196281,3
1511964205,2
1512296142,8
1512050278,5
1512018653,1
1512030963,2
1511965730,3
1512050314,3
1512007490,2
1512285709,4
1512116613,1
1512218873,2
1512135783,5
1512189161,3
1512290144,6
1512256299,2
1512306893,6
1512296694,1
1512084941,5
1512199670,3
1511830223,2
1511955541,1
1511757244,1
1512303543,2
1512028155,1
1512293050,1
1512132296,1
1512102436,4
1511916055,1
1512188970,7
1511845925,1
1511622068,3
1512173014,9
1512037570,2
1512183309,3
1512008623,2
1511751476,3
1511799410,1
1511921526,3
1512014729,3
1512314700,3
1512216952,3
1511934872,1
1512093237,5
1511767505,2
1512291293,1
1512182657,1
1512275551,12
1512224787,6
1512282683,8
1512045918,1
1511792887,2
1512231162,12
1512007154,1
1512118750,5
1512032170,1
1512134970,5
1511843623,1
1511573521,1
1511692147,3
1511911054,5
1511952999,2
1512200905,1
1511833739,3
1512226560,1
1512199941,6
1512306526,2
1512300200,3
1512196790,3
1511706458,2
1512257131,2
1512200990,1
1512308546,2
1512007845,3
1511788960,1
1512286413,8
1511924494,4
1511940933,5
1512308672,4
1512225827,5
1512009529,1
1512111316,7
1512268262,1
1512127391,1
1512201963,6
1511712021,1
1511648201,1
1511921330,3
1512181833,3
1512208332,3
1512204760,2
1512111884,1
1512261464,5
1511711335,1
1512274695,2
1512314704,5
1512203607,1
1511825082,3
1511794821,1
1512140679,1
1512234754,12
1512111890,3
1512056075,12
1511754189,1
1511685802,1
1512176547,4
1511765255,1
1511851255,1
1512042312,5
1512280787,1
1512291030,9
1512186968,2
1512191087,3
1511769812,1
1511970269,1
1512266580,2
1511755401,1
1512272936,4
1512033830,2
1511958172,4
1511918216,14
1512010596,2
1512262152,5
1511937238,2
1512164929,2
1512094906,2
1511818406,1
1512296799,11
1511965055,3
1512205187,1
1511757849,2
1511958144,1
1512130251,5
1512013648,4
1512174267,1
1512265968,23
1512137401,8
1512231024,6
1511932251,2
1511883623,4
1512311094,16
1511924382,1
1512285693,3
1512271357,7
1511615608,1
1512010454,4
1512266856,3
1512039090,2
1511846343,2
1511849229,1
1512026207,3
1512305806,4
1512020950,1
1512274266,1
1512130137,2
1512264741,4
1512094478,1
1511781126,2
1512021985,2
1512115525,4
1512249858,3
1511836528,1
1512028944,1
1511939156,2
1512306506,13
1512183929,2
1511861929,2
1511753956,1
1512214833,2
1512299935,24
1512094001,3
1512202307,1
1512292769,15
1512291125,3
1512211318,2
1512269914,1
1512293673,5
1512138651,3
1511955653,1
1512282057,7
1512131945,4
1512203935,5
1512285229,4
1512107361,9
1512298639,4
1512275847,2
1511666730,1
1511712449,1
1512195676,2
1512170854,1
1511712025,1
1511613112,1
1512229739,1
1512295900,4
1511963174,6
1512286784,1
1512198659,4
1512185495,1
1512224794,4
1512123868,5
1511925434,1
1512301056,1
1512190860,1
1511777446,1
1512281994,4
1512267780,1
1511617697,1
1512019598,2
1512305607,7
1512023091,1
1511611540,1
1512290742,16
1512283222,2
1512221253,4
1512220443,2
1511847807,2
1512200663,3
1512043906,1
1512302574,7
1511911548,2
1512088504,3
1512305273,2
1511539433,2
1512190992,2
1512043044,3
1512221067,3
1512200431,2
1512197178,2
1512224657,2
1512296401,6
1512305380,3
1512266622,4
1512109916,3
1512018223,1
1511590157,1
1512312808,9
1512311620,2
1512202773,1
1512017174,2
1511964789,3
1511893067,2
1512128413,1
1512264721,1
1512186743,5
1512110461,3
1512114139,2
1511568590,5
1512024368,3
1512221295,2
1511920159,2
1512264777,5
1512099857,1
1511788233,3
1511695502,1
1512267121,1
1512271791,3
1512128295,2
1511862821,1
1511844485,1
1511926499,1
1511675834,1
1512309462,1
1512309243,18
1512221763,2
1511547330,1
1512019182,2
1512290315,1
1512291480,1
1512283325,4
1511619217,1
1512138547,1
1512316295,2
1512195147,2
1512139832,6
1512142582,1
1512198902,5
1512050035,3
1512182143,2
1512086110,1
1512229584,4
1512131399,12
1512021105,2
1512269171,3
1511579154,1
1511849002,1
1511583968,1
1511929419,1
1512125300,4
1512307860,1
1512272837,5
1511930906,2
1512104237,3
1512313458,1
1512005333,4
1512090772,2
1512022809,2
1512194566,1
1512045521,1
1512191263,1
1512236301,2
1512313583,4
1512119706,14
1512305416,5
1512146522,5
1512267071,1
1512111127,3
1511915673,2
1512108844,2
1512291240,13
1512303221,1
1511695058,3
1511762634,3
1512192426,3
1512214181,5
1512180959,3
1512126934,3
1512233166,3
1512182322,1
1512224807,1
1511878440,1
1511951794,1
1512185243,4
1512133748,1
1511721456,1
1511773906,1
1512116396,5
1512213057,4
1512046787,1
1512229076,5
1512006973,10
1511953224,3
1512268507,4
1512083786,1
1512286940,4
1512288179,2
1512109001,1
1512115426,5
1512133725,4
1512225436,5
1512251632,2
1512310805,2
1512226951,1
1512012853,2
1511965955,1
1512287525,2
1511941263,1
1512304988,8
1511965526,4
1512136370,2
1512304740,4
1512311999,3
1512258481,2
1511669264,2
1512312760,3
1512221110,9
1512181385,2
1512113153,11
1511831990,1
1512020586,3
1512291438,7
1512186093,1
1511756801,1
1512210522,1
1511775023,1
1512270579,20
1512221288,2
1512228757,5
1511700322,4
1512214905,1
1512269358,1
1512049194,3
1512207539,1
1511930857,2
1512263287,3
1511969927,1
1512311036,4
1511943079,57
1511763616,1
1511877135,4
1512127336,1
1512289904,4
1512222750,1
1511769004,1
1512017671,3
1511686863,1
1511571514,1
1512023021,1
1512293257,3
1512170136,2
1511782747,2
1512266843,4
1512135387,2
1511872767,2
1512189929,2
1511605495,1
1511779221,2
1511874634,2
1512050766,1
1512310052,5
1512258032,2
1512286297,2
1512227304,4
1512219871,1
1512298820,6
1511706990,2
1512311115,3
1512214090,1
1512089120,1
1512060689,1
1512197273,2
1511841008,2
1512013792,1
1512122889,4
1512289949,1
1512275116,2
1512233714,3
1511963222,2
1511654511,1
1512227737,3
1512263517,2
1512216636,2
1512011194,2
1511599672,1
1511929435,1
1512027139,2
1511619040,1
1512204867,1
1511844983,2
1512214563,1
1512135467,4
1511684464,1
1512257853,7
1511837427,1
1512174188,1
1512223439,3
1511847694,15
1512111049,3
1512040491,1
1511866241,17
1511691427,1
1512055479,3
1512292951,8
1512269206,1
1512004255,2
1512104595,2
1511658799,1
1511857312,5
1512225859,2
1512188423,2
1511916979,3
1512137340,5
1511763025,1
1512289015,7
1512000525,1
1511965633,3
1511695957,1
1512312344,5
1511760608,2
1512183487,2
1512210866,2
1512009431,1
1512046027,1
1511961194,1
1512309873,4
1512207991,1
1512227608,11
1511789716,2
1512015267,6
1512023887,9
1512011544,1
1512095976,3
1512115296,1
1512135867,6
1512103813,1
1512089354,2
1511614926,1
1512311883,3
1512306750,6
1511615577,1
1512313137,3
1512195108,8
1511677021,1
1512267692,2
1511681761,1
1512220275,4
1512099089,1
1512284273,4
1512291362,2
1511690227,1
1512274224,3
1511920364,3
1512211999,3
1512096936,1
1512224826,3
1512311008,9
1512110112,1
1512296415,3
1511973045,3
1512055410,2
1511863076,2
1512285299,1
1512050456,1
1511918245,4
1512293791,4
1511701912,1
1511700677,2
1512139785,4
1512213497,2
1511825052,1
1511710998,1
1512309644,1
1511852219,1
1512278337,2
1512029862,1
1511676944,2
1512278012,6
1512039473,2
1512184929,2
1512047635,3
1512281924,2
1512108963,8
1511797992,1
1512127152,6
1511668645,1
1512199715,1
1511658290,1
1512257238,5
1512033642,1
1512115977,2
1512291571,2
1512213526,1
1511943510,2
1512309838,2
1512217340,17
1512283543,2
1512096978,3
1512177479,6
1512268112,3
1512261082,4
1512186360,6
1511843941,2
1512107584,2
1512311002,2
1511848035,1
1511593910,1
1512204202,4
1512290792,2
1512278596,3
1512276245,3
1512245811,7
1512184068,2
1512011880,2
1511925696,1
1511939815,1
1512275411,3
1512280767,1
1512042992,2
1512134158,4
1512315956,4
1512282116,2
1511791319,1
1511783570,1
1511582951,1
1512012607,4
1512110293,3
1512172374,2
1511941490,3
1511602728,1
1511966228,2
1512306473,1
1512260889,3
1511861543,2
1512197571,4
1512220365,3
1511697631,1
1511737255,3
1511839388,3
1512187573,2
1512274321,7
1511683905,2
1511839512,2
1512298356,6
1512312421,1
1511784327,5
1511562464,1
1512115392,2
1512140861,3
1511842329,5
1512276689,2
1512297643,5
1512181514,2
1512114135,2
1511856042,2
1512211283,11
1511930447,2
1511680536,2
1511608464,1
1512008102,2
1512230717,1
1512230113,1
1511775384,1
1512271626,4
1511833877,8
1511782678,2
1511759251,4
1512185543,2
1512260319,2
1512312296,4
1512101138,3
1512027583,6
1512280568,3
1512102673,2
1512047832,3
1511871296,2
1511567229,1
1512208225,5
1512180726,5
1512138640,1
1512295823,12
1512100173,4
1511875678,2
1512180379,5
1511747346,3
1512139481,1
1512104272,1
1512133126,1
1511917555,1
1512316327,3
1512297092,7
1511873280,2
1512192289,1
1512262209,2
1512218014,2
1511840505,1
1511875278,1
1512225320,2
1512029355,3
1511927111,1
1511796260,2
1511789663,1
1511613504,2
1512228836,14
1511706617,2
1511685896,1
1512019072,2
1512089766,6
1511879779,2
1512054599,1
1511610058,1
1511875415,4
1511949229,3
1512178190,3
1512267565,8
1512280514,7
1512188246,30
1512295049,10
1512176958,1
1511793104,1
1512013092,1
1511665117,4
1512185301,1
1512155570,16
1512135857,2
1512050932,2
1511874877,3
1512109069,3
1512308877,2
1512270597,1
1512278975,6
1511943146,2
1512282652,3
1512143952,6
1512007392,3
1511841466,3
1512108985,2
1512304112,2
1512190014,2
1511767805,1
1512306088,3
1512284032,6
1512311800,1
1512183360,1
1512282005,11
1512288518,3
1511778701,1
1512180118,3
1511798377,3
1512168750,1
1512018779,4
1511962231,1
1512220215,2
1511946168,2
1511758475,2
1511958003,1
1511945471,1
1511766295,2
1512019333,5
1512198999,1
1511715768,2
1512136484,2
1511583864,1
1512283248,2
1511863150,3
1512023014,2
1511962814,1
1512053432,2
1512273764,1
1512110777,3
1512206188,4
1511939434,1
1512164973,10
1511998391,1
1511673687,1
1512178467,1
1512293454,2
1512301119,4
1512049327,2
1511688782,1
1512143673,2
1512218291,1
1512011526,5
1512291496,2
1512301403,5
1512271225,1
1512018957,1
1512117538,3
1512049717,2
1512046748,3
1512280501,1
1512047693,2
1512214643,2
1512206914,4
1512265802,1
1512230891,2
1511964062,2
1512199934,4
1512177089,10
1512011138,3
1512031277,3
1512282801,1
1512224928,7
1511870030,1
1512306740,6
1511824368,1
1511622104,3
1512274605,3
1512307224,3
1512200390,6
1512234923,9
1512258321,7
1512134051,1
1512213898,3
1512097527,4
1512087961,6
1512050382,1
1512259845,4
1512025511,3
1512211376,5
1512014450,5
1511954533,3
1512028003,5
1512043435,4
1512169394,6
1512131358,7
1511926172,4
1511773890,1
1512034419,2
1512209564,4
1512135823,1
1512035253,1
1511957692,11
1511878611,1
1512144454,1
1511942744,2
1512022529,2
1512207752,4
1511768180,1
1511615366,1
1511945697,1
1512275776,2
1512040905,3
1511666041,2
1511762770,1
1511964993,4
1512216982,1
1512144661,2
1512035103,2
1511943559,3
1511926217,2
1512024844,2
1512217749,2
1512106499,1
1512091066,3
1512118041,3
1511926364,4
1512302518,6
1511857761,2
1511615695,1
1511927433,4
1511784675,1
1511587044,3
1512103245,4
1512046751,1
1511666288,3
1511842157,3
1512275293,4
1512280684,3
1511610743,1
1512121131,2
1512179971,3
1511713992,1
1512023604,1
1512314800,3
1512221306,3
1511928211,2
1511847951,1
1511934804,2
1512043506,3
1512309891,2
1512011207,1
1512217460,15
1511847607,3
1512311218,1
1512004105,2
1511550611,3
1512259615,3
1511923536,1
1511792430,2
1512220197,2
1512007967,1
1512289584,1
1512144972,5
1512293422,3
1511871941,1
1512295914,4
1512024125,3
1512178199,1
1512019016,6
1512264451,3
1511565514,1
1512305243,3
1512269957,3
1511771345,1
1511917846,1
1512266491,7
1512290988,4
1511758425,1
1512047184,2
1512119552,1
1512276435,2
1512186426,1
1512218940,3
1512313867,12
1512313228,11
1511922015,1
1512195104,2
1512036298,1
1511881673,1
1511850566,1
1511958748,1
1512042377,2
1511876085,1
1512145386,3
1511712707,1
1512279280,4
1511884754,4
1512046578,7
1512305610,4
1512012706,4
1512188482,1
1511852579,4
1512180781,2
1512261491,2
1511849841,1
1512219740,2
1511756248,1
1512100366,2
1512280415,7
1512282217,5
1512267242,2
1511873419,2
1511672273,1
1512114069,1
1512303788,3
1511878466,2
1511699072,1
1512098421,3
1512312399,1
1512259291,11
1512195594,3
1512005412,2
1512117250,8
1511964771,1
1512120799,1
1511952533,2
1512204674,2
1511586482,1
1512289237,2
1511568249,1
1512203119,1
1512308078,5
1512266083,6
1512268060,5
1512266614,3
1512192285,1
1512311738,5
1512237851,3
1512304954,6
1512229007,4
1512207404,9
1511872233,1
1512283698,2
1512267972,6
1511938774,1
1511677695,2
1512216930,1
1512226153,4
1512015750,3
1511941252,2
1512048304,1
1512270450,2
1512273003,2
1512263831,2
1512049123,5
1511969321,1
1512130694,2
1511959234,4
1512043676,4
1512200064,2
1512033910,9
1511874140,1
1512273674,4
1511858420,1
1512282108,2
1512272051,9
1512219254,1
1512310893,17
1512302567,1
1512309230,1
1512206838,1
1512007319,3
1512122300,1
1512197221,1
1512265206,1
1512289018,7
1512132385,1
1511636175,2
1511706891,2
1512308934,8
1512056471,4
1511793472,3
1512119033,2
1511977023,4
1511932475,4
1512276540,2
1512270461,4
1511981197,1
1512292906,2
1511610535,1
1511921153,2
1512212734,4
1512044268,6
1512293658,2
1511575065,1
1512275129,7
1512225088,6
1512226030,2
1512031757,7
1512271804,4
1512215677,1
1512024801,4
1512272042,4
1512315334,3
1512222741,7
1511970716,1
1512225342,3
1512014682,3
1511622208,1
1512270312,4
1512220126,1
1512107456,1
1511958907,1
1511704258,1
1512312634,3
1512293140,8
1512176625,4
1511965621,1
1512031986,2
1511934361,2
1512202481,10
1511757548,1
1511865013,4
1512191539,2
1512203459,2
1512278229,1
1512024613,2
1512144399,1
1511851093,1
1512032154,2
1511830000,1
1511955330,2
1512017983,2
1512198732,1
1511577121,1
1511922970,3
1511855967,2
1512108916,5
1511967109,1
1512204537,2
1512130586,6
1512279701,3
1511919331,1
1512288927,3
1512308351,3
1511763818,1
1511772675,2
1512297650,8
1512206811,3
1512310529,1
1511659210,1
1512097196,2
1512206666,3
1511771012,1
1511930596,5
1512133201,1
1512271929,4
1511795730,2
1511843429,2
1512227048,3
1512178221,3
1512270754,3
1512302694,6
1512267818,2
1512027895,2
1512013616,2
1512016107,2
1511978236,5
1511967911,1
1512028812,6
1512129266,6
1511578262,1
1512185514,1
1512290576,5
1511761162,1
1511576237,1
1512109784,2
1512083790,1
1511852819,1
1512109130,2
1512127120,3
1512140425,2
1512207307,3
1512138427,1
1512040404,2
1511747791,2
1511563992,1
1512034180,2
1512003860,2
1512070424,5
1511582366,2
1512270925,16
1512288512,2
1512011826,1
1511868511,3
1512137889,1
1512126848,2
1512178607,2
1511582307,1
1512307236,4
1512282946,6
1512295952,2
1512120556,4
1511787529,5
1512006818,1
1512128072,4
1511627650,1
1512195193,4
1512215633,1
1512279516,4
1512309626,2
1511614806,3
1512184651,2
1511581423,1
1511598553,1
1511668322,1
1512047958,1
1512194288,3
1512052828,1
1512272358,1
1512130421,1
1511943068,1
1512026676,1
1512260153,7
1512299966,7
1511959314,1
1512207915,1
1511915936,2
1512200665,2
1512224270,2
1512042333,1
1512300461,3
1511955243,1
1512211798,1
1512310178,1
1512247656,3
1512263568,2
1511867940,3
1511598940,1
1512137456,4
1512178130,2
1512223604,3
1512287355,7
1512049073,4
1511612289,1
1512311030,3
1512194123,2
1511758999,1
1512096012,4
1512275431,2
1511663406,1
1511944195,2
1512220165,2
1512274270,17
1512293200,2
1512224995,2
1511854899,1
1511889915,1
1511617121,2
1512049533,2
1511753428,1
1511679914,1
1512274560,2
1512280819,2
1512278430,3
1512119986,1
1511581244,1
1512143368,5
1512206830,2
1511708721,1
1511923490,3
1511780867,1
1512185955,2
1511918187,2
1512100441,2
1512034766,2
1511841189,2
1511701329,2
1512170782,7
1512301238,5
1512208835,1
1512152915,2
1512308848,2
1512231728,1
1511682431,1
1512197489,1
1511866581,1
1512212524,1
1512189867,2
1511945959,2
1512202841,2
1512171510,2
1512046808,4
1512138305,3
1512203928,4
1512300600,2
1511925789,3
1512040983,5
1511755064,2
1511606594,1
1512221640,6
1511937463,3
1512008129,8
1511618366,1
1512195397,4
1511574158,1
1511869989,1
1511874837,2
1511965012,2
1512185295,3
1512313918,14
1512295154,2
1512026831,2
1512030501,3
1511679531,1
1511894462,1
1511877096,5
1512313153,2
1512300202,1
1512261919,14
1512226387,3
1511920897,1
1511871284,1
1511705219,3
1511930033,2
1512187856,1
1511880158,5
1512228007,3
1512105300,6
1511878561,1
1512020081,1
1512184449,1
1512045905,2
1512234725,8
1512195479,3
1511828827,1
1512252935,3
1512309143,2
1511674418,3
1512267225,1
1511929561,1
1512213850,6
1511953786,1
1512032808,1
1512217665,2
1512114806,1
1512123146,6
1511957953,1
1512262467,3
1512144210,2
1512220425,5
1512271183,5
1512218737,3
1511834566,3
1512297161,1
1512306572,4
1511787663,1
1511747665,1
1511867095,3
1512092935,2
1512312104,1
1511600213,2
1512185167,2
1511774409,1
1512015963,6
1512205126,2
1511786500,4
1512025535,1
1511600746,1
1512312045,3
1511676455,2
1511936751,1
1512092432,2
1512154938,4
1512226954,1
1511687017,2
1512300008,6
1512032865,1
1512301839,2
1512288059,4
1512301926,1
1512036392,3
1512312038,5
1512124075,6
1512187836,2
1512184457,2
1512314400,7
1511683759,3
1512178512,1
1512200351,3
1512228938,1
1511916474,4
1512086088,3
1512013400,1
1511744964,5
1511833552,1
1512035008,1
1512006621,2
1512312284,5
1512284033,2
1512181536,1
1512135947,1
1512049700,2
1512102891,2
1512223317,3
1511700790,1
1511748067,1
1511676479,1
1511918255,13
1512105136,6
1512273538,3
1511967008,1
1512282207,3
1511963576,6
1512049453,2
1512186494,2
1512138689,1
1511786151,2
1511847702,1
1511929667,4
1512012215,4
1511854554,1
1511706549,1
1512300178,1
1511858305,2
1512287588,7
1512271171,7
1512110242,6
1512056405,1
1512221909,5
1512228395,2
1512275278,2
1511850069,3
1512125739,1
1512309211,25
1512286181,1
1512278296,1
1512221057,1
1512284297,2
1511857394,3
1511923606,3
1511970378,2
1512312118,2
1512277770,4
1512270069,1
1512035284,2
1511929390,1
1511868537,6
1512312563,2
1512265749,2
1512198820,2
1511861140,2
1512022539,2
1511600886,3
1512285976,7
1512053171,6
1511756445,3
1512195715,3
1511852992,1
1512195616,2
1512038950,1
1512029826,2
1511835970,2
1512023786,3
1512178874,1
1512226588,6
1511758163,1
1512301810,3
1512273264,2
1512050486,4
1512311769,4
1511935763,2
1512025616,1
1512314626,3
1512227059,2
1512295608,1
1512316159,8
1511880492,2
1512180360,2
1512042911,6
1512116768,1
1512134668,1
1512275759,3
1512224497,3
1512283048,1
1512042911,4
1511975723,1
1511969933,1
1512055691,3
1511633193,2
1511786697,1
1512058150,2
1511753329,2
1511766575,2
1512289455,1
1512182870,2
1512309014,2
1512178848,5
1512211418,3
1512197216,5
1512118494,2
1512039019,1
1511823308,4
1512223884,2
1512116713,8
1512205393,1
1512066837,2
1512096774,4
1512035774,2
1512314011,3
1511683150,1
1512221074,4
1511925103,1
1512267635,4
1512057237,1
1512044899,1
1512202033,1
1512280586,1
1512197298,3
1512176592,3
1512050550,11
1511596362,3
1512286421,4
1512265791,3
1512139432,3
1512258842,6
1512198199,3
1512269243,21
1512097830,11
1512116799,2
1512216708,7
1512202457,5
1512265207,3
1512212160,1
1511924062,2
1512139263,5
1512217169,1
1512272953,5
1511937294,4
1512202213,8
1512183099,5
1512217018,1
1512316741,2
1512044226,3
1512051964,1
1512197628,4
1512037839,2
1511701519,1
1512215753,2
1512270323,2
1512193732,7
1511860349,2
1512113655,1
1512293030,9
1512219196,2
1512194123,3
1512270282,3
1511971082,6
1512190654,2
1511615884,1
1512095574,1
1511769965,1
1512039567,2
1512273864,10
1511937121,4
1512099538,3
1512258489,3
1511712080,2
1512292325,3
1511742109,1
1512312724,8
1512131028,3
1512111425,2
1512294134,4
1512268651,2
1511881493,1
1512030187,8
1512300140,2
1512188782,2
1512177124,2
1511869835,2
1511843365,1
1511794135,3
1512223236,3
1511618350,1
1512266486,12
1511961095,9
1511720722,2
1512279687,1
1512195109,1
1512058582,3
1512289768,3
1511872375,4
1512028777,2
1511661118,1
1512302898,1
1512184432,3
1511585369,2
1512259914,21
1512017060,9
1511814291,1
1512311170,8
1512011417,3
1511924395,1
1512092086,5
1511929402,1
1512101084,1
1512288078,1
1512303776,1
1512308961,5
1511917607,3
1511866344,2
1511782459,3
1512145249,3
1512218122,6
1511957499,1
1512304619,7
1512057476,3
1512308917,2
1512221859,2
1512112744,2
1512258017,7
1512005219,4
1512286008,3
1512178877,4
1512298626,2
1511756621,3
1512289945,1
1512142952,2
1512283140,2
1512310381,3
1512014661,1
1511875057,1
1512172922,3
1512145057,1
1512201260,9
1512181970,1
1512308946,4
1511712283,1
1512221998,3
1512296843,5
1512180526,1
1512270747,4
1511771078,1
1512044985,2
1511905451,2
1511955076,1
1511938167,2
1512314137,2
1512279725,1
1512287086,3
1512057002,4
1511621387,1
1512292828,7
1512199556,3
1512032684,5
1512000855,5
1511790139,3
1512277702,3
1511671548,2
1511687465,1
1512315899,4
1512221716,3
1512227716,3
1512093609,1
1511702490,1
1512280945,1
1512287891,3
1512081635,1
1512010188,2
1512294715,4
1512202232,1
1511957526,3
1512241132,2
1512099807,7
1511714871,2
1512301887,7
1512028602,6
1512195345,2
1512208896,1
1512316610,7
1512211338,1
1512289663,2
1512099155,2
1511594780,1
1511843628,2
1512009101,2
1512284309,3
1512000513,3
1512284079,1
1511679173,1
1512295024,3
1512225448,3
1512270016,1
1512308977,2
1512241693,4
1512033359,7
1512290253,2
1511692224,2
1512259070,2
1511759373,2
1512285130,6
1512289567,1
1511923502,2
1512136861,1
1512185490,2
1512183960,2
1511872913,2
1511962702,3
1512097354,2
1512091942,1
1512009796,2
1511937047,1
1511672756,1
1512195589,2
1512212512,1
1512296834,6
1511716730,2
1511919354,1
1512259174,9
1512201501,1
1512283417,7
1512302832,6
1511855375,1
1512281595,3
1512267025,1
1511828670,2
1512099305,1
1512102697,2
1512193101,6
1511598305,2
1512200572,2
1512111776,3
1511598798,3
1512187616,3
1512266704,4
1511747434,1
1512207100,1
1511784029,1
1512295316,2
1511776788,1
1512293132,2
1512226905,4
1512015522,1
1512303449,6
1511588462,1
1511944484,2
1512280650,5
1511767492,2
1512051504,2
1512217511,6
1512302106,6
1512110341,2
1511940580,3
1511937757,2
1511847692,2
1512181304,2
1512208752,6
1511872544,1
1512310800,1
1511783220,1
1512060654,1
1511940259,23
1511694773,1
1512089091,1
1512272212,2
1512307004,2
1511961403,1
1512089722,3
1512280355,2
1512015520,2
1512123947,1
1512290169,10
1511598548,2
1511837924,1
1512206155,4
1511776500,3
1512288543,3
1511966110,3
1511913555,1
1512274907,3
1511933274,10
1512124110,8
1512007562,3
1512300646,2
1512109611,3
1512187470,4
1511718910,1
1511539246,1
1512266830,6
1512257825,6
1511957421,1
1512137973,3
1512123311,7
1512315953,1
1512096138,10
1512297782,1
1512014718,3
1512287763,1
1512192637,6
1511686854,2
1512044601,2
1512265583,3
1511855141,3
1512190154,3
1511746958,3
1512007703,2
1511842107,1
1512220711,3
1512044846,2
1512045034,3
1511758138,2
1511777127,1
1512308516,3
1512282593,6
1511776564,1
1512312639,2
1512284062,2
1511856999,1
1512223530,2
1512178391,1
1512220331,3
1512206715,4
1511589235,2
1512205258,4
1512233896,5
1512175923,1
1512201491,1
1511857790,3
1512272799,4
1512313792,1
1512183307,4
1511742481,1
1512210534,1
1512277368,1
1511878948,1
1511959562,1
1512294913,4
1512102704,1
1512294229,3
1511936158,1
1512300584,1
1512223692,2
1512307736,5
1512284118,7
1511805735,3
1512294623,2
1512214316,1
1512268195,6
1511933446,2
1512040744,2
1511914094,3
1512273247,3
1512050733,2
1511930619,2
1512291084,3
1511928476,1
1512085426,2
1512057320,2
1512024393,2
1512036886,3
1511844811,3
1512027731,4
1512297956,6
1511808795,1
1512117284,3
1512268503,5
1512273440,4
1512220997,4
1511850415,1
1511953696,3
1512277583,2
1512299322,1
1511678102,2
1512051564,6
1512229792,6
1511574937,1
1512304674,1
1512128295,2
1511828444,3
1511803554,4
1511846907,5
1511953181,1
1512221038,2
1512200086,4
1511702048,2
1512265281,10
1511853711,1
1512306539,1
1512133214,8
1511934420,2
1512201505,3
1512310939,5
1512281505,4
1511880922,1
1511703192,1
1512300408,1
1512281460,14
1511964869,1
1512274997,8
1511695862,1
1512083068,4
1511921899,1
1512230820,2
1512304464,4
1512212451,5
1512295816,2
1512270204,3
1511751324,1
1511941306,4
1512029953,3
1512061489,2
1512095839,3
1511657383,1
1512127129,4
1511840028,3
1512312417,21
1512091525,3
1512182939,1
1512265655,4
1512191745,1
1512050278,1
1511859214,2
1512301991,3
1511955299,3
1512273399,1
1511835065,1
1512109712,3
1511610746,1
1512136983,1
1512211319,1
1512310495,3
1511919032,2
1512302747,9
1512105336,1
1512010951,2
1511763949,1
1512025889,1
1511956676,4
1512217804,6
1511914658,1
1511710251,4
1512221134,6
1512221696,6
1512134614,3
1512207219,1
1512147028,4
1512222676,1
1511964079,1
1512257329,1
1512189244,4
1511882680,6
1512285714,3
1512234653,1
1511948592,1
1512020241,2
1512191951,2
1512012596,1
1512105830,1
1511830199,1
1512302863,5
1511937704,1
1511844856,1
1511673889,1
1512265394,3
1511963987,8
1511942995,2
1511600061,1
1512025330,1
1512103852,2
1512282192,8
1511612619,1
1512305008,2
1512196527,4
1512284135,1
1512271133,2
1512306225,6
1512225046,6
1511964860,2
1511689604,1
1512191627,3
1512130566,2
1512141858,2
1511754596,3
1512213948,2
1512192783,1
1511932805,3
1511931043,7
1512071060,6
1512313867,7
1512268975,1
1512307152,3
1511869337,3
1511934157,3
1511825659,4
1512297854,3
1512133698,2
1511864960,1
1511942962,3
1512206666,7
1511744256,2
1511782583,3
1512133468,1
1511960571,1
1512193382,1
1512188515,3
1512090363,3
1512226304,3
1511615681,3
1512206522,1
1512095346,2
1512307208,2
1511589450,2
1511912501,1
1511753347,1
1512014186,3
1512190985,3
1512286939,5
1512225029,2
1511940411,1
1512275698,3
1512311193,3
1511581037,2
1512013114,1
1512301118,6
1512214956,4
1512308406,9
1512185586,7
1512197243,1
1511970016,3
1512021947,1
1511712181,1
1512307981,1
1512269435,4
1512265456,4
1511748259,1
1512299367,3
1511934591,1
1512304400,1
1512260343,6
1512190858,4
1512315537,3
1511768871,1
1512223528,3
1512287342,3
1512277797,5
1512055304,2
1512045430,12
1512207263,6
1512290488,5
1512211860,5
1512215476,3
1512261789,18
1512209476,2
1512188483,2
1512276888,6
1512226382,2
1512290497,6
1512266380,6
1511861574,1
1511952368,3
1512039181,8
1512226476,4
1512283305,1
1512042996,6
1512288297,1
1512084242,3
1512105992,2
1512301769,3
1512289970,1
1512143065,2
1512269259,2
1512048992,1
1512118393,3
1512285534,4
1511956939,4
1511937425,1
1511878760,2
1512009096,4
1512186305,5
1511768399,1
1512276944,29
1511960381,1
1512114114,4
1511615656,1
1512273694,2
1511958630,1
1512209417,6
1511936776,1
1512200154,3
1512227075,2
1512143238,2
1512204214,3
1511957930,2
1512278120,1
1512109417,2
1512294626,1
1512219289,5
1511768021,1
1512280409,1
1512280821,3
1512221206,4
1511765160,1
1511682194,1
1512103690,5
1511799256,3
1512035624,4
1512281187,3
1511619065,1
1512191517,5
1511569695,1
1512136010,1
1512032643,2
1512090520,2
1512293343,2
1511914729,3
1512037847,18
1512306390,1
1512050253,4
1512279782,3
1512186530,2
1512191487,10
1512188727,6
1512278856,4
1511759396,1
1512045688,1
1511764696,1
1512284085,1
1511540555,1
1512226577,2
1512010204,1
1512276187,4
1512093248,3
1512094521,5
1512207150,5
1511626118,1
1512020958,1
1512199327,3
1512309115,3
1512204432,14
1512283961,5
1511730457,1
1511923344,3
1511649635,1
1511959044,2
1512296920,2
1511701589,1
1512190262,6
1511732496,1
1511794432,5
1512009369,1
1512272219,1
1511870813,3
1511999171,1
1512264069,2
1511922921,2
1511767620,1
1511602628,1
1512185771,3
1511681468,3
1512018936,4
1512211854,1
1511661949,1
1512230276,1
1512140406,2
1512103283,1
1511936514,1
1512215301,1
1511916334,4
1511756236,2
1512269805,7
1512218776,1
1512202065,3
1512211591,3
1511577635,1
1512228083,3
1511881933,3
1512229363,3
1512212043,2
1511881026,1
1512285691,2
1512298211,8
1512270481,4
1512307911,2
1512283152,15
1512032683,4
1512292526,3
1511574018,1
1512056080,7
1512274789,2
1512275745,1
1512126282,1
1512282748,4
1511868684,1
1512093212,1
1511842560,1
1512022120,2
1512286423,5
1512285423,1
1511744211,1
1511762554,3
1511682954,1
1512139572,6
1512300799,2
1511852458,1
1511871934,1
1512138084,8
1512291725,2
1511662641,1
1512309208,1
1512232769,1
1512011955,1
1512107866,1
1511922563,1
1512287722,6
1512300918,3
1512271526,1
1511856094,1
1512048916,1
1512280616,1
1512020316,2
1512219263,2
1512174276,2
1512110551,3
1512283384,1
1512199379,6
1512179283,7
1512117503,2
1512047968,1
1512224940,3
1512268008,2
1512212682,5
1512220801,1
1512270640,3
1512225555,7
1512051137,5
1511579564,1
1511854885,1
1511911186,2
1511939829,3
1511767431,3
1512192045,8
1511964174,6
1512082697,5
1512307224,2
1512309862,2
1512266459,1
1512194741,1
1512048737,1
1511624642,1
1512304744,1
1512248669,5
1511614639,3
1512292603,4
1512205815,4
1511913531,1
1511613161,2
1511871743,1
1512130109,5
1512176018,3
1512052518,1
1512301432,9
1511585851,2
1512137191,1
1512210440,4
1512049063,1
1512220746,4
1512208823,3
1512125396,3
1512270229,5
1511924377,2
1512306002,15
1511759500,6
1512204725,6
1511666309,2
1511680179,2
1511827547,2
1512311874,2
1511790144,1
1512314636,2
1511745271,2
1512262242,7
1512177911,2
1512306717,12
1512109766,1
1512254866,3
1512225173,3
1511872091,5
1511685177,4
1512115261,4
1511663319,1
1511884982,3
1512303230,3
1512048760,2
1511878671,1
1512026491,4
1511681271,1
1511779366,1
1511674412,1
1512103608,1
1511835219,2
1512181112,1
1512032526,1
1512215229,4
1512227901,5
1511575244,2
1512298211,3
1512264175,4
1512316566,3
1512098287,2
1511916578,2
1512205622,1
1511855539,3
1511603702,1
1512116515,3
1512004051,3
1512059926,2
1512121593,4
1512263434,2
1512135571,4
1512183483,2
1512009445,3
1511917305,2
1511584362,1
1511745778,1
1512305389,2
1511576110,1
1511855634,1
1512276360,4
1511918411,1
1512314907,2
1512279526,1
1512179856,1
1511683657,4
1511691747,1
1512059699,7
1512215638,2
1512145146,2
1512292869,3
1512207425,1
1512214955,5
1512295507,9
1512175165,1
1511845634,1
1512133537,4
1511573835,2
1512268748,1
1511788612,5
1511785485,1
1512271295,1
1512176478,4
1512230336,2
1511705723,1
1511840277,1
1511599420,3
1512258305,1
1512224679,5
1512107630,3
1511865727,11
1511839445,3
1512305911,9
1512268562,9
1512310199,3
1512140500,7
1512313471,1
1512098144,2
1511712907,2
1512184878,1
1512298541,6
1512205591,4
1512208532,5
1512125096,2
1511740376,1
1512146226,9
1511871545,4
1512056833,1
1512274816,6
1511965069,3
1512284980,1
1512290867,5
1511956965,3
1511999668,5
1511657509,1
1512187937,1
1511789502,1
1511798443,4
1512275226,4
1511921409,2
1511970791,1
1512185048,1
1512274154,4
1512205880,8
1512304404,4
1512278402,2
1512232121,4
1512134855,1
1511780319,1
1512220775,2
1512086217,5
1512108869,3
1512175029,3
1512050225,4
1512051079,1
1512211749,4
1512294580,3
1511851696,1
1512045773,1
1512228273,1
1512315258,2
1511870111,1
1511712002,9
1511863880,3
1512148480,5
1512220319,1
1512288884,5
1511915605,1
1511843571,7
1511868778,2
1512196902,2
1511609661,1
1512034340,1
1511781861,7
1512027258,2
1512229806,1
1512266409,3
1512227642,3
1512311922,3
1511692964,1
1511964414,1
1512277014,3
1512150313,2
1512034043,5
1511614831,1
1512125776,3
1512103855,1
1512307669,4
1512260114,2
1512145055,1
1511761302,2
1512197783,4
1511939918,1
1512009569,2
1512199864,4
1512111115,5
1512279322,2
1512308129,2
1512181694,1
1512014946,1
1511862473,1
1511832890,1
1512010076,1
1511706837,1
1512277926,2
1511739789,1
1512272687,1
1512214039,2
1511934199,1
1511670081,1
1512128379,1
1511674657,1
1511669062,1
1512278118,3
1512086945,4
1512203918,6
1512290393,7
1512202073,2
1511542506,1
1511964881,2
1511573681,1
1512214240,1
1512216401,2
1512099066,5
1512249689,1
1512184972,1
1512189621,2
1511864501,1
1511952718,6
1512266571,3
1511759261,2
1511776911,4
1512214928,3
1511940641,2
1512196840,7
1511679807,1
1512011908,4
1512208755,1
1512091010,4
1512266281,3
1512260504,3
1512143940,3
1512092463,3
1512288842,9
1512151083,2
1512032952,1
1511941377,1
1512284864,3
1512311163,1
1511587103,1
1512193902,2
1512109090,2
1511582371,1
1512185394,5
1512028098,5
1511838520,5
1511611335,2
1512282872,1
1512302540,3
1511687177,1
1512047078,1
1511871390,1
1512302205,5
1512095350,1
1512113552,1
1511866776,2
1512030479,3
1512006042,4
1512261133,3
1512206735,5
1512291196,3
1512192775,1
1512124132,1
1511936877,4
1512127482,2
1512314134,2
1512288702,5
1511832560,1
1512033342,3
1512005643,5
1512310136,2
1511740291,1
1512225182,3
1511743298,1
1512134438,3
1512299009,3
1512287616,5
1511594304,1
1512201960,1
1512305880,1
1512263545,6
1512230947,2
1512058121,2
1511924301,1
1511972095,3
1511796784,4
1512000003,1
1512314962,5
1511838539,1
1511574772,1
1512215903,2
1511919889,2
1512271334,1
1511766435,1
1512266225,2
1512216947,1
1511725722,2
1511595685,1
1512315356,4
1511686374,1
1511759989,1
1512311639,2
1512109753,2
1511571836,1
1512093729,1
1511930649,2
1511700644,5
1511940231,2
1512136064,3
1512261145,2
1512115212,1
1512275230,4
1512107856,1
1511576664,1
1512285616,8
1512284723,3
1512262039,12
1511656878,2
1512315759,3
1512261582,6
1512263530,2
1511826715,1
1512036014,3
1512288045,13
1511583793,1
1512177953,1
1511791480,1
1512184281,5
1512307800,2
1511853179,3
1512263144,1
1512048955,1
1512043123,4
1512175141,4
1511941823,6
1511612321,1
1512211638,2
1511589384,1
1512270190,2
1512136694,1
1512292886,3
1512117233,3
1511782956,4
1512032519,4
1511955966,1
1512119914,5
1511679776,1
1511756678,2
1512130159,2
1512300904,3
1512299453,2
1512228212,23
1512262866,2
1511765896,2
1512190346,1
1512038529,2
1511765717,1
1512035041,1
1512117632,1
1511612672,1
1512286312,2
1512304765,3
1511697908,4
1512023026,2
1512115581,5
1512292683,4
1512286876,5
1512269279,2
1512306570,6
1512185884,2
1512262785,4
1512038257,1
1512288809,5
1512040868,1
1512268930,1
1512195800,1
1512021504,3
1511570102,1
1512129860,1
1512273152,2
1511873380,5
1512200036,1
1512275559,1
1511695070,2
1511921296,1
1511968732,2
1512283542,4
1511968686,1
1512110768,5
1512307999,4
1512211275,3
1511946076,2
1512190209,1
1511855552,1
1512271218,2
1511880532,3
1512015409,4
1512219396,4
1512106488,8
1512261216,4
1512291071,12
1511836307,1
1511764048,2
1512180437,8
1512147309,3
1512205269,6
1512017776,2
1512131230,7
1512006307,1
1512259198,1
1512304366,7
1512304884,5
1511849883,2
1511953870,2
1512184257,3
1511747891,1
1512307424,2
1511856851,1
1512294124,2
1512002989,5
1512212901,1
1511834049,1
1511836484,1
1512224053,3
1512225122,1
1512288326,2
1512229455,2
1511763334,1
1512141330,2
1512116045,2
1511697663,12
1511628694,1
1511682581,3
1512241027,6
1512316097,4
1512279505,1
1511838816,2
1512273724,2
1511869840,2
1512098593,2
1511758673,1
1512119269,1
1512104226,4
1512033809,1
1512310927,3
1512092027,4
1512215846,1
1512222486,7
1512274775,7
1511868968,4
1512276542,1
1512280592,1
1512223161,1
1511937083,2
1511689533,1
1512270324,1
1512231626,1
1512272880,8
1511610139,1
1512106636,2
1512297101,14
1512147255,14
1512226614,6
1512189507,2
1511830046,1
1512028096,2
1512048821,1
1512029057,2
1512178171,13
1511928836,1
1512292275,3
1511877294,9
1512281033,3
1511568787,2
1512139831,5
1512270317,18
1512292723,5
1511945518,1
1512026316,1
1511958717,3
1512151321,1
1511947103,1
1512232710,7
1512303276,3
1512206043,5
1512010549,4
1512198073,1
1512279655,3
1512216630,7
1512269233,1
1512208057,3
1512303977,5
1512183159,2
1511758938,1
1512090101,2
1511796474,1
1512300725,5
1512309663,3
1512114621,2
1512090768,1
1511598336,1
1511951668,4
1511857210,3
1512222398,3
1512135892,3
1512303044,1
1511970302,1
1512089560,2
1511934371,2
1511939720,6
1512312932,5
1511924102,3
1512293517,2
1512135965,3
1511829985,2
1512120403,3
1512177533,2
1511682946,3
1512036209,3
1511957803,1
1512308489,4
1512147144,3
1512300410,1
1512300479,5
1511697962,1
1511918589,2
1511982314,4
1512275835,1
1511878627,1
1511666944,1
1512133497,6
1512293614,19
1512014339,1
1512282540,4
1511855857,1
1511852079,2
1512225005,9
1512312176,4
1512275562,19
1511593019,1
1512113091,2
1512208870,6
1512103545,3
1511959269,1
1511841553,1
1512282023,5
1512203500,2
1511653787,1
1512082454,2
1512267038,2
1512300047,3
1512139038,3
1512201072,1
1512189041,2
1511777338,4
1511954070,4
1512308207,2
1512285621,5
1512305552,1
1512023543,1
1511855525,1
1512180707,1
1511961623,3
1512269566,2
1512264014,7
1511911071,1
1512110189,1
1512142980,1
1512097837,3
1512293853,3
1511770180,2
1512297405,4
1512219596,3
1512265062,8
1511785736,2
1511591128,1
1511624978,1
1512206728,1
1512263452,4
1512085196,3
1511753926,1
1511998374,1
1512177266,1
1511871569,2
1512022831,1
1511682671,3
1511836969,3
1512142422,2
1512300526,72
1512315943,3
1512130263,2
1511957218,1
1511785934,2
1512305651,5
1511614608,4
1511686929,1
1512190178,5
1512275221,2
1511736817,2
1512310495,1
1512269515,8
1512190743,4
1511795519,1
1512304927,5
1512303347,4
1511957106,3
1512308461,6
1511588162,1
1511787991,2
1511928924,3
1512233192,3
1512291685,2
1512266282,3
1512197020,2
1512225038,3
1512134224,1
1511709563,1
1512271943,6
1512300244,2
1512009920,1
1512052372,3
1512091109,2
1512228855,1
1512227214,6
1512109938,3
1512299687,3
1512047986,3
1512176793,1
1512009186,1
1511932206,1
1511927340,3
1512201930,5
1511703511,1
1512220110,4
1512305497,6
1512271096,6
1511935565,1
1511870509,2
1512292313,4
1511850016,1
1512134980,12
1512130018,3
1512132615,3
1512267723,2
1512181091,9
1512133629,2
1512011602,3
1512107690,2
1512303524,1
1512163685,2
1512216963,1
1512140131,9
1512294224,4
1512187072,6
1511956947,2
1512019661,2
1512092815,2
1512107513,3
1511789284,2
1512274965,3
1512223269,7
1511762353,4
1511882361,2
1512195844,3
1512017516,1
1511918636,1
1511872587,4
1512303890,2
1512133043,2
1512313293,5
1512212400,5
1511698410,2
1511781568,1
1512057515,3
1511752818,1
1512082587,1
1512303889,1
1512186189,2
1512285563,7
1512200073,3
1512126882,3
1511928577,2
1512190153,2
1512282595,1
1512297144,1
1512016490,6
1511567463,1
1511585286,2
1512284845,6
1512052137,3
1512005103,1
1511872593,3
1512169999,3
1511779291,2
1511846334,1
1511835806,3
1512195926,2
1512096847,1
1512182524,3
1512112813,2
1511859853,1
1511756441,2
1512247748,4
1511682455,1
1511767224,1
1512041252,4
1512223963,2
1512106888,3
1512092976,4
1512089395,8
1511567714,1
1511771486,1
1511866685,1
1511571355,1
1512051444,1
1512192345,4
1512038745,3
1511934224,10
1512284390,2
1512052354,3
1512229371,2
1512137907,1
1512313059,6
1511755836,1
1512271434,2
1512049710,1
1512085264,1
1512261955,2
1512054104,2
1512024598,1
1511562371,1
1512136362,1
1512183834,36
1512021779,1
1512140453,3
1511875060,2
1511866897,1
1511845909,3
1511738493,1
1511970251,1
1511858164,2
1512133863,2
1511573949,1
1512296662,6
1511610645,1
1511940106,2
1512203375,3
1512271559,7
1512272902,8
1512266291,14
1511930753,4
1511947507,1
1511540524,1
1512228471,2
1512005428,3
1512208583,2
1512019860,5
1512217751,2
1511868396,2
1511935249,2
1512309795,1
1512303900,3
1511661681,1
1511999841,4
1511941631,3
1512204075,4
1512133233,3
1512222027,3
1512306463,5
1511737395,1
1512141470,4
1511722535,2
1512218142,4
1512129244,1
1512272307,9
1512281225,7
1511946340,5
1512306456,2
1511615043,3
1512279744,3
1511652660,1
1512218064,4
1512274529,2
1511831143,1
1512119536,6
1512222041,2
1512287680,2
1512299118,2
1512117854,1
1511621051,1
1512279067,8
1511962584,2
1511945562,1
1512198402,1
1512224367,11
1511788059,1
1511973767,1
1512098309,1
1512284400,3
1512234206,5
1512129524,4
1512176654,2
1512283038,3
1511933499,1
1512285026,10
1512053149,1
1511873141,3
1512267973,5
1512216437,4
1512305477,3
1512137758,2
1511853293,2
1511934383,2
1511562164,1
1512270495,1
1512138009,1
1512291908,1
1512308015,4
1512023037,1
1512211581,2
1512309579,2
1512107253,3
1511933454,1
1512112416,1
1512221282,1
1511619779,1
1511832730,3
1512258302,1
1512265614,1
1511885840,2
1512034667,3
1511965365,1
1511744661,3
1511788427,1
1511846501,1
1512280254,6
1512314036,20
1512284476,4
1511957166,1
1511963077,1
1511668804,1
1512102924,7
1512204660,5
1512185775,2
1512180845,1
1512280775,4
1512213328,7
1512218955,3
1512206097,4
1512144769,1
1511841544,1
1511998360,2
1512112266,2
1511920527,2
1511962518,2
1511771472,1
1512129139,1
1512082818,1
1512231334,2
1511661539,1
1512031505,1
1512310884,2
1511963206,1
1512123450,1
1512302250,5
1512221653,1
1511834896,9
1512069448,3
1512224269,1
1512095630,2
1512215341,2
1512001373,1
1512046715,4
1511678301,1
1512210952,1
1512269785,3
1512278523,2
1512203824,2
1512101857,4
1512187156,1
1511954346,1
1512201625,1
1512195965,1
1511914016,2
1512302724,3
1512286791,2
1512219970,5
1511602185,1
1511855913,2
1511878875,4
1512275916,6
1512266774,2
1511924323,1
1512140991,3
1512304994,1
1511858336,1
1512296810,3
1512297311,2
1512010576,8
1511565549,1
1512134644,7
1512132496,2
1512268516,1
1512261100,11
1511760123,2
1511835615,2
1512127285,3
1512197546,4
1512303143,3
1511816104,1
1512015804,1
1512264986,3
1512193729,3
1512305812,13
1511945942,1
1512307022,1
1512216115,8
1512204085,1
1512029116,2
1512312617,1
1511955469,1
1512041000,4
1512180091,2
1512192804,1
1512316279,4
1512023588,1
1512291403,2
1512031522,3
1512315380,3
1511789949,1
1512271023,7
1511791939,1
1512132125,2
1511603145,1
1511682920,5
1511665564,2
1511571532,1
1511866879,1
1512276260,1
1512148455,5
1511743744,1
1512298930,4
1512010643,1
1511870806,1
1511969056,1
1512136886,6
1512026680,1
1512283730,2
1512220765,8
1511936899,4
1511792822,1
1511920367,1
1512225747,4
1512313343,8
1512282151,7
1511967530,1
1512277617,2
1512190711,2
1511722822,2
1512278497,2
1512192775,6
1512022445,3
1512286045,3
1512223559,2
1512007638,4
1512182771,6
1511786327,1
1512221908,2
1512188756,2
1511942289,1
1512195789,4
1512033205,3
1512213410,2
1512198148,3
1512197721,2
1512109854,3
1512033967,3
1512137441,2
1512257001,1
1511574126,1
1512001699,1
1512008098,3
1511752901,2
1512125755,3
1511966776,3
1511712226,4
1512099089,1
1512221632,5
1511875705,1
1512088797,3
1512224267,2
1512121194,4
1512115859,4
1511932830,1
1511758968,1
1511594808,1
1511789216,2
1512298957,13
1512276806,8
1512201816,3
1512113173,4
1512027351,1
1511955937,2
1512171649,3
1512291248,3
1511760589,1
1512197355,1
1512046303,3
1512267597,4
1512228562,5
1511918974,7
1511922639,5
1512281084,3
1512215054,2
1511572145,1
1512287816,3
1511965086,1
1511955953,4
1512315672,3
1512039316,1
1511605682,1
1512227023,4
1511941270,3
1511930320,4
1511682524,1
1512231834,3
1512227662,1
1511973453,7
1512216387,3
1512100721,2
1512193462,6
1511927929,3
1512088947,1
1512212789,3
1511803206,3
1512314261,4
1512198631,6
1512048409,2
1512098564,2
1511798544,1
1512291217,6
1511712069,2
1512201399,5
1511929142,1
1511740021,2
1512271506,2
1511682948,1
1512143347,7
1511786910,2
1512205142,1
1511858351,7
1511675957,1
1512258576,2
1512215376,1
1512292467,2
1512151284,4
1511575196,1
1511752838,1
1512023495,2
1511622108,1
1512281875,2
1512312613,3
1512278175,7
1512018798,1
1512121459,1
1512297025,4
1511995338,5
1512267669,4
1512225276,3
1512216067,7
1511754063,2
1512275878,1
1512195319,6
1511588978,1
1512264738,2
1511858247,4
1512224139,3
1512307961,19
1511588859,1
1512304791,2
1512227676,1
1512093616,3
1512206807,9
1512270125,1
1511878932,5
1512284626,1
1512231363,1
1512225703,9
1511827963,2
1511599543,1
1512269690,3
1512053452,5
1512093250,4
1512269824,2
1512228300,5
1512208472,4
1511951499,2
1512294748,3
1512311751,3
1512285372,6
1512189798,6
1512207220,1
1511857709,1
1512307275,3
1512314007,10
1511806611,3
1512006711,5
1512270072,2
1511930974,3
1512311227,1
1511795817,2
1512127211,4
1512274473,3
1512184046,3
1512010435,4
1512301945,4
1512266031,4
1512042496,2
1511965648,2
1512058189,2
1512226306,1
1511677214,1
1512259674,3
1511660948,1
1512042643,1
1511995741,2
1511856052,1
1512218921,2
1512284165,4
1512056095,2
1511964382,7
1511701117,3
1511958376,1
1512203068,8
1512273450,3
1511866636,3
1512038195,3
1512040822,5
1512198544,9
1512175244,1
1512210473,1
1512191649,1
1512172848,1
1511918029,2
1511758737,1
1511574481,1
1512105185,3
1511847911,2
1512205565,3
1512307188,3
1512093256,2
1512235987,2
1512210779,2
1511881979,1
1512216908,3
1512305713,7
1512188831,3
1512201026,12
1512215861,2
1512229330,2
1512006456,4
1511917611,6
1512123489,4
1512119971,2
1512210884,1
1512278850,1
1511933743,2
1512216059,2
1511777895,1
1512279326,8
1511757592,1
1512291137,1
1511817613,1
1512256756,8
1512187014,2
1511938199,2
1512314270,18
1512133772,5
1511940926,1
1512292173,5
1512139460,6
1512285393,3
1511840203,1
1512284396,1
1511947511,1
1512259726,5
1512189377,1
1511853114,3
1512314342,4
1512014538,1
1512023354,1
1512277194,6
1512200141,2
1511590511,1
1512012425,1
1512207381,1
1512180774,4
1512110962,1
1511947566,3
1512264721,7
1511838893,2
1511879393,1
1512025176,3
1511589166,1
1512062363,1
1511958444,3
1512266632,4
1511615126,1
1512185168,1
1511679730,2
1512286888,2
1512192232,7
1512183083,5
1512291633,2
1512313583,2
1511622839,1
1512006909,1
1511793165,1
1512298233,8
1512249216,3
1512206084,1
1512225963,4
1511666980,1
1512304251,9
1511927111,3
1512107004,1
1511785613,1
1511746135,1
1511885414,2
1511804578,2
1512265995,5
1512303819,5
1512295360,2
1512285033,2
1511669420,1
1511844905,1
1512145090,4
1511934286,1
1512119909,1
1512306502,1
1512037860,2
1511839975,2
1511966752,2
1512285750,11
1512099952,3
1512291523,1
1512012010,1
1512266706,1
1511932128,3
1512224858,1
1512269339,4
1512096519,4
1512186003,3
1512012005,1
1511618508,1
1511943784,3
1512200280,1
1512305562,1
1512045152,3
1512289877,3
1512188973,3
1511784734,3
1512272656,15
1511751089,3
1511920946,3
1511842485,1
1512287526,3
1512018904,14
1512220912,2
1511833769,2
1512098814,2
1512273761,4
1511964728,3
1512095349,1
1511844328,2
1512295560,4
1511838486,5
1512139847,1
1512311715,5
1512102833,2
1512197916,1
1512228184,8
1511693854,3
1512046165,18
1512204235,6
1512308576,7
1512157438,1
1512283745,2
1512307061,9
1512041472,1
1512027944,3
1511595469,1
1512297932,7
1511956029,1
1511602908,1
1512275941,2
1511707959,1
1512313081,3
1511936232,2
1512274273,3
1512014570,2
1512106786,2
1512116751,1
1511787751,3
1512304429,8
1511924333,1
1512148559,1
1511902474,3
1512304503,4
1511936662,1
1512265725,17
1512132986,6
1512203664,4
1512189144,3
1512191389,2
1511684765,2
1512033755,2
1511848862,2
1512177486,1
1512306878,5
1512042370,7
1512100104,8
1512266443,4
1511691638,1
1512311821,5
1511592357,1
1512282903,11
1512177046,4
1512294214,1
1512312829,12
1512043467,1
1512306407,3
1512094784,5
1512280016,9
1512201084,1
1512273765,4
1511952489,1
1512052179,2
1511798998,2
1512303689,1
1512014677,3
1512281859,2
1511770800,1
1512218790,1
1511948124,2
1512190827,3
1512132998,3
1512279109,7
1512191415,4
1512231858,4
1511882931,3
1512276638,2
1512202131,3
1512304008,8
1512265595,13
1512178245,1
1512113883,2
1512127930,2
1512211950,4
1512028945,1
1511868446,1
1512205093,6
1512303223,7
1511918360,1
1512088418,4
1512272424,3
1512298954,3
1512264657,5
1511862915,3
1511622887,1
1512268835,5
1512191544,2
1512310705,7
1511622720,1
1512311823,1
1512196254,3
1511541097,3
1512229768,5
1512150579,16
1512119758,9
1512019685,5
1512286042,6
1512198258,2
1512286394,2
1512263100,2
1512040407,4
1512223143,2
1512183713,10
1512050585,2
1512094916,3
1512308466,1
1512137911,6
1511571821,1
1512220872,1
1511751729,5
1511759578,1
1511862588,1
1512020438,2
1512210720,2
1512262243,2
1512287808,9
1511784823,7
1512019353,2
1512314778,1
1511768752,6
1512219554,2
1512232863,1
1511844304,1
1512299028,4
1512055530,6
1512049403,2
1512281832,4
1512279888,1
1511965631,2
1512215974,1
1511655840,1
1512130742,1
1511577248,3
1512117174,6
1512082904,5
1512311662,17
1512136115,1
1511793389,2
1512224968,2
1511761672,3
1511833393,4
1511855322,2
1512015779,6
1512048894,1
1511613427,1
1512286544,2
1511697476,1
1512181604,1
1512276614,1
1511577632,1
1512277467,1
1512303395,2
1512046653,1
1511863685,5
1512030864,1
1512205550,5
1512178534,6
1511848185,1
1512270588,4
1512240574,5
1512210044,2
1512058892,1
1511619121,1
1512311199,4
1512288937,4
1512223443,8
1512307504,2
1512138026,3
1512308758,2
1512205479,6
1512284719,5
1511932096,1
1512302634,3
1512121271,6
1511699963,1
1511858060,1
1512185493,3
1512133938,2
1512103960,1
1512287637,11
1512225862,1
1512143171,3
1511774281,2
1511876529,1
1512127273,1
1512205493,5
1512220261,3
1511884048,2
1512288171,3
1512014529,3
1512306682,7
1512229999,1
1511700577,1
1511963949,2
1512112602,1
1512109723,4
1512182751,1
1511702154,3
1511950672,1
1511737562,2
1511848250,1
1511836103,4
1512151346,4
1511878129,3
1511926711,2
1512133793,6
1512266863,3
1511933730,3
1511665295,1
1511968735,1
1511921237,1
1512229170,3
1511594678,2
1511875715,1
1512016846,7
1512296152,2
1512182424,4
1512133236,2
1511877485,1
1511876892,3
1511925378,2
1511876154,2
1512293063,2
1512059346,1
1511666809,1
1511612083,2
1512301714,1
1512277879,1
1512181023,1
1512096252,1
1512009137,4
1511658098,1
1512274937,2
1512217093,2
1512132748,1
1512044240,6
1512224705,3
1512094281,1
1512274445,1
1512266051,3
1512234288,2
1512104613,1
1511858747,1
1512146429,2
1512276373,2
1511588628,2
1512120369,1
1512106275,14
1511969817,4
1511835304,2
1511797056,4
1512029906,3
1512293962,2
1511932407,2
1512310420,1
1512279990,2
1512299589,6
1512050151,6
1512055852,3
1511570716,1
1512025926,2
1512106232,2
1512004919,1
1512260858,1
1511964554,5
1511603616,1
1512106318,1
1511700392,1
1511769920,1
1512281598,1
1512288717,7
1512213825,5
1512186866,1
1512292769,3
1512124270,3
1512221936,2
1512040776,1
1511957860,8
1512283896,1
1512280735,13
1512209166,1
1511946778,1
1511695296,1
1511748638,1
1512285881,4
1511968754,3
1512228219,3
1511953650,2
1511961680,2
1511754459,2
1512306117,1
1512116883,1
1512194857,1
1512301746,11
1511851258,1
1511585218,1
1511766888,2
1512265591,1
1511954511,1
1512297571,8
1512188900,1
1512314123,2
1512303761,2
1512294410,3
1512232513,3
1511855616,2
1511958720,3
1512192611,3
1512184044,1
1512022447,1
1512301691,1
1511691253,2
1512115267,9
1512091825,2
1512276700,5
1512043304,6
1512274332,31
1512202536,5
1512276614,4
1512114302,5
1512116161,1
1511937112,1
1511837872,1
1511878513,2
1512184967,4
1511676818,1
1512270741,7
1512285801,4
1511995396,1
1511864324,2
1511931568,2
1512285660,7
1512010245,3
1512273289,2
1511871950,1
1511657840,4
1512054913,13
1511833714,7
1512125541,1
1512311524,3
1512106003,4
1512310108,6
1512271754,2
1512309774,1
1512008266,2
1512283971,3
1512312924,4
1512270793,2
1512004472,1
1511920895,1
1512140391,5
1512273893,2
1512232876,4
1512266758,3
1511950242,1
1511937065,3
1512206539,4
1512218104,1
1512278680,3
1512301289,1
1512303454,9
1512211679,3
1512264547,3
1512267888,1
1512314305,3
1512302385,2
1512182760,3
1512220504,7
1512279435,2
1511612834,1
1512298762,2
1511837999,1
1512053355,1
1512026449,2
1512196137,1
1512117274,1
1511615282,1
1512222924,2
1512035495,1
1511998616,1
1512176337,2
1512193584,7
1512307781,2
1512197872,1
1512292470,2
1512100393,4
1512200777,4
1512284498,4
1512313900,4
1511690959,1
1512187192,13
1511848766,2
1512189765,7
1512276902,2
1511969773,1
1512304548,3
1512051652,2
1512123716,3
1511748634,2
1512026324,1
1511748607,1
1511709187,1
1512295839,4
1512196972,1
1511857366,8
1511757598,5
1512288584,5
1511663638,1
1512053608,4
1512225567,4
1511767646,5
1512095817,2
1512026554,1
1511866825,2
1511663944,1
1512308697,9
1512176715,3
1511752571,1
1511754963,1
1512214868,1
1512196434,2
1511992854,1
1512269804,4
1511847736,3
1512271733,1
1511770060,1
1512105611,5
1512293010,4
1512286538,2
1512280939,2
1512097374,2
1512307903,10
1512135759,1
1512113276,1
1511703867,1
1512197068,4
1512204441,4
1512046768,4
1511702306,1
1511577903,1
1512221314,4
1512272781,5
1511869104,3
1512205165,4
1512300479,3
1512304939,3
1511937632,7
1511973136,1
1511870433,2
1512040721,1
1512212218,1
1512169011,5
1512278714,2
1512188996,1
1512197721,2
1512012556,2
1512019871,2
1512280440,2
1511799432,1
1512191731,1
1511936962,4
1512118369,2
1512221798,1
1511921877,6
1512280787,9
1512190645,5
1512139894,2
1512297714,2
1512309105,3
1512219572,2
1512274894,3
1511714582,1
1511995696,1
1511570091,1
1512315457,1
1512275720,3
1511576071,1
1511933366,3
1512132353,1
1511682666,2
1512310632,6
1512258699,2
1512097639,14
1512009341,1
1511797223,2
1511770075,4
1512275075,9
1512003042,3
1511829982,1
1511875727,2
1512175503,1
1512286081,9
1511677761,4
1511945606,3
1512215561,2
1512204701,1
1512316497,3
1512278474,2
1512186264,2
1512134574,4
1511970606,2
1511881409,1
1512261522,2
1512137390,6
1512281626,2
1511975991,7
1512025921,1
1511880994,3
1512137426,1
1511686358,1
1512022277,2
1512094148,2
1511942158,1
1511924684,2
1511755617,1
1512300874,3
1512273037,6
1511880713,3
1511974180,3
1512046751,2
1512131391,1
1512134094,5
1512296884,3
1512282230,2
1512303642,7
1511786331,2
1512254543,1
1512263083,1
1511591146,1
1512227786,4
1512272455,2
1512195034,3
1512186824,6
1511688713,4
1512201903,7
1511940078,1
1511924771,1
1512300269,3
1511666927,1
1512136399,3
1512160530,1
1511870407,1
1511605069,1
1511663107,1
1512024331,1
1512295706,13
1511694306,1
1512134046,2
1511920960,1
1512018033,1
1511932552,1
1512097378,2
1511621653,1
1512314603,5
1512299716,8
1512039241,2
1511767799,2
1512222938,4
1511939126,3
1511660129,1
1512148195,4
1512187422,2
1511767885,1
1512264230,1
1511708480,1
1512276566,1
1512029390,1
1511945329,1
1512287955,14
1512276988,2
1511877025,3
1512284414,9
1511851596,2
1511890278,1
1512288360,2
1512018130,1
1511750206,4
1512136550,1
1512208845,1
1512199643,5
1512122315,2
1511873704,1
1512213121,4
1512305592,2
1511848965,1
1512136567,2
1512114683,3
1512260563,7
1511615405,1
1511862014,2
1512053933,3
1511627287,1
1512299927,7
1512315595,4
1511829478,1
1511766315,2
1511942038,5
1512142808,3
1512178308,3
1511945101,3
1512308293,4
1512266863,2
1511958270,2
1511996898,1
1512220846,1
1512126012,4
1512293778,3
1511587613,1
1512043306,3
1512281723,3
1512221421,8
1512213379,1
1512307892,3
1512290733,2
1512197154,4
1512022758,2
1512223909,25
1512230271,1
1512031546,5
1511777488,1
1512090786,8
1512049232,1
1512291274,2
1511904157,1
1512125812,3
1511893678,2
1512313914,7
1512202720,2
1512300575,5
1512277212,3
1512201151,3
1512142276,5
1511703194,1
1512219665,1
1512269808,8
1512217101,1
1512111140,6
1511700191,2
1512011459,1
1512110851,4
1512097212,6
1512227243,3
1512105692,2
1511971079,4
1511952831,2
1511879304,1
1511574638,1
1511839908,2
1512315452,10
1511864446,5
1512201114,7
1511606059,3
1512093750,1
1511674262,2
1512288350,2
1512127189,3
1512273406,10
1511662748,2
1512226202,9
1512139634,1
1512179241,4
1512013056,5
1512179289,6
1512277413,1
1512274284,8
1512083108,2
1512099963,1
1512220335,7
1512305812,5
1512266809,2
1512024089,2
1511869120,1
1512278526,3
1511875065,1
1512311172,1
1511706945,2
1511940128,2
1511760081,1
1511873399,1
1512215173,1
1511784580,1
1512308005,4
1512202107,4
1512310268,2
1511768338,1
1512053028,1
1512187379,2
1512306135,1
1512310027,2
1512278315,4
1512216042,2
1511696475,1
1512208026,2
1512018434,1
1512298567,2
1511759091,1
1511733860,1
1512233744,3
1511919093,2
1511835106,2
1511881401,1
1511963737,5
1512280781,6
1512152083,4
1512100610,1
1512310313,1
1512180305,1
1512290545,9
1512212896,1
1512029967,4
1512217593,1
1511852936,3
1512311218,2
1511850811,3
1512115624,7
1511695487,4
1512297722,3
1512010497,6
1511852060,2
1512189625,1
1512009112,2
1512301057,2
1512127036,5
1512301238,2
1512181825,11
1511788782,4
1512312033,1
1512107118,2
1512142579,4
1511764668,1
1512223903,6
1512142645,5
1512008376,1
1511789716,1
1512298775,4
1511692720,1
1512302952,3
1512267385,12
1512222982,2
1511961299,5
1511662106,1
1511840624,1
1512218498,2
1512227339,4
1512260450,5
1511797231,1
1512272794,1
1511982229,4
1511689193,1
1512016838,6
1511948777,2
1511929212,5
1511658717,2
1512143356,2
1511841569,3
1512111434,3
1512224687,4
1512208444,4
1512202732,6
1511664799,1
1512223823,3
1512238196,2
1511867630,4
1512269787,5
1512195928,4
1512053572,4
1512097827,5
1512180819,1
1512293594,6
1511948238,2
1512200522,3
1512269196,2
1512295963,3
1511760139,2
1512217521,3
1511694489,2
1512188185,1
1512296342,2
1511820814,1
1511732414,1
1511746950,3
1512213415,5
1511707235,4
1512214243,3
1512154070,3
1512305335,5
1512199575,4
1512023655,2
1512282764,1
1511856579,10
1511941379,2
1512281747,2
1512189407,4
1512130651,2
1511874086,1
1512310378,15
1511922255,4
1511949264,2
1512215733,4
1512008693,4
1512006249,1
1512115761,2
1511610856,1
1512285802,1
1512294925,5
1512216520,4
1511773986,1
1512180589,1
1512282931,1
1512297441,2
1512285569,6
1511937410,3
1512205814,1
1511766638,2
1512263021,21
1512087461,1
1512101997,2
1512135353,1
1512217183,1
1512183558,3
1512277635,6
1512287399,6
1511792411,2
1512283898,2
1511616072,1
1512138457,1
1511947354,1
1512283720,2
1512118822,1
1511749599,1
1512141528,2
1511916055,1
1512119546,1
1511862775,1
1511688085,1
1511960343,3
1512051362,2
1511889284,2
1512206732,4
1512052801,2
1511839866,2
1511880501,1
1512299282,7
1511690207,1
1511965397,1
1511933126,1
1512292246,10
1511682492,4
1511709517,1
1512020253,2
1512179495,2
1511754966,1
1511956303,3
1512176975,1
1511879361,1
1511930230,5
1512130995,2
1511854448,4
1512314546,2
1512290364,15
1511831898,1
1512108417,3
1511698172,1
1511927178,1
1512199759,2
1511887058,1
1512055890,1
1512277695,2
1512271059,2
1512196765,2
1512140808,4
1512182571,1
1511962498,2
1512151964,1
1511787781,6
1512313912,2
1511673091,1
1512307476,4
1512131190,1
1512269413,2
1512013841,1
1512279435,2
1511614439,1
1512289262,13
1512025650,2
1512093981,1
1512021216,2
1512260517,2
1511878054,1
1512232604,1
1512308144,3
1512173321,11
1511862130,1
1512221290,3
1511969366,1
1512262310,1
1512276619,4
1512212288,4
1512182155,2
1512227291,1
1512311155,9
1511979403,2
1512190629,1
1512280879,1
1511958895,1
1512126259,5
1512135329,1
1512298820,3
1512220521,1
1511701068,3
1511967301,2
1511962031,1
1512123736,8
1511751490,2
1512293181,1
1511857586,1
1511959432,1
1512182770,3
1512278311,4
1511979346,5
1511699567,1
1512116136,9
1511585792,1
1512305573,5
1512313720,2
1512308444,3
1512288109,5
1512301549,3
1512206980,2
1512029265,1
1512292770,1
1512205171,4
1511712600,1
1512046437,1
1511943951,1
1511689539,1
1512137023,1
1512270971,2
1512046319,1
1512179733,9
1512144803,4
1512082890,1
1512291033,1
1512269085,4
1512140026,3
1512292796,2
1512269215,2
1512297936,4
1512279958,5
1511970996,4
1512193010,4
1512014869,1
1512217078,4
1512081371,1
1512108193,1
1512044608,1
1512298157,1
1511620173,1
1512088095,4
1512272088,2
1511688867,2
1511787654,1
1511932050,5
1511953042,6
1511784766,1
1512109689,5
1512203417,9
1512224635,1
1512100404,1
1512191312,2
1512223941,2
1512132893,6
1511762885,1
1512266042,1
1512167637,6
1512209745,1
1512098175,1
1512219134,4
1511611069,1
1512189829,1
1512226387,4
1512205639,4
1512115118,1
1512059314,2
1512311627,2
1512297713,3
1512200746,4
1511693133,1
1512273047,2
1512283102,4
1512165527,2
1511692194,1
1512297309,11
1512315915,12
1512210649,2
1512301407,16
1512311870,6
1511953807,3
1511613244,1
1512304141,13
1512209139,2
1511917657,5
1512304910,2
1512121566,4
1512267300,4
1512199510,3
1511701080,2
1511760844,1
1512268644,3
1511916588,2
1512133373,1
1512029547,1
1511774868,4
1511946840,1
1512029711,2
1512221087,1
1512194590,1
1512259155,3
1511883988,2
1511789123,1
1512258519,2
1512282369,4
1512122654,1
1512212108,5
1512239734,10
1512276241,3
1512271629,2
1512022652,3
1512197015,2
1512212127,1
1512181755,4
1511605868,1
1511867698,4
1512265949,3
1512187109,2
1512303125,11
1511757814,1
1512273719,4
1511786153,2
1512287780,2
1512185773,1
1512174041,1
1512059911,1
1512207026,3
1511617897,1
1512032606,1
1512292112,3
1512285390,7
1512020779,1
1511666419,1
1511958858,3
1511704863,1
1512275705,3
1512292313,2
1512257172,3
1511603188,1
1511687473,4
1512171699,2
1512281641,6
1512296880,8
1511959411,3
1512203823,7
1512031794,1
1511786271,1
1512265526,2
1511749823,5
1512034598,1
1512187518,2
1511908879,2
1511940173,10
1511739059,1
1512309123,1
1512018448,5
1512087527,1
1512185942,2
1512278673,2
1512031991,1
1512262220,3
1511883705,1
1512289042,4
1512044103,8
1512279926,3
1511682658,2
1512208730,7
1511859575,1
1512254980,5
1511923184,1
1512283555,1
1512189904,2
1512124266,6
1511846483,1
1512272276,2
1511614000,1
1512223824,2
1512220100,3
1512188997,6
1512112201,1
1511778596,2
1511966295,2
1511941012,2
1511542956,1
1512297423,5
1512221706,15
1512104094,4
1512012921,1
1512218762,9
1512175603,3
1512016410,1
1511556910,1
1512282034,3
1512281885,5
1511680290,1
1511668014,1
1512106196,3
1511758199,2
1512129449,3
1512099974,1
1511595405,2
1512175150,10
1511937246,2
1511954214,1
1511925073,2
1511858380,1
1511844439,3
1511664614,1
1512052238,1
1511788912,7
1512124595,5
1512309545,2
1512123050,3
1512191693,3
1511859714,2
1511815565,2
1512006269,9
1512134038,3
1512182220,4
1511976575,1
1512302280,3
1512316305,6
1512044709,1
1511699913,4
1512189508,6
1511955783,3
1512020292,1
1512049955,5
1512311533,3
1512292100,2
1512032776,1
1512293390,5
1511951281,3
1512312375,2
1511964385,1
1512041809,2
1511870312,2
1512306869,2
1512100940,4
1512285820,3
1512096954,2
1512211150,9
1512197197,3
1511789057,2
1511788898,1
1511567031,1
1512308488,2
1512241915,3
1512026954,1
1511944422,7
1511918308,2
1512224264,2
1512231620,2
1512269720,1
1512103503,1
1512264105,2
1512295862,8
1511615150,1
1512181398,3
1512309216,2
1512139288,1
1511935977,2
1511545073,2
1512266418,1
1511873971,1
1511858153,1
1512044016,9
1511696082,2
1512154392,3
1512230701,5
1512308011,6
1512218102,2
1512256271,3
1512241039,3
1511692565,4
1511939240,1
1512294099,5
1512272212,2
1511948454,8
1511668541,3
1512122354,1
1512237520,3
1512262011,11
1512086400,3
1512270533,2
1511964925,2
1512047923,1
1512140610,5
1511986006,3
1511962936,4
1512291515,1
1511858518,1
1512194971,4
1512087955,3
1512309771,3
1512295630,2
1512179014,8
1512278309,1
1511769353,1
1512226694,3
1512279958,2
1512301274,2
1512092941,2
1512208513,1
1511914465,1
1512085929,1
1512196067,2
1512266295,3
1512015633,2
1511840505,1
1512314343,2
1512254023,14
1511701238,2
1511855214,1
1511956868,2
1512303401,1
1512303195,2
1512311759,4
1512157156,1
1512016140,2
1512108652,6
1512288842,3
1512294146,10
1512196275,2
1511919140,2
1512273436,1
1512292425,4
1511846304,2
1511957359,1
1512225871,4
1511600923,1
1512212217,8
1511924072,1
1512270507,6
1512283682,5
1511959157,2
1512294701,1
1511560490,3
1512225399,1
1512266669,3
1511667034,1
1512096937,2
1511846120,2
1512185279,6
1512286339,7
1512022404,2
1512303702,4
1511762478,3
1512093340,3
1511959150,2
1511933292,4
1512052451,2
1511609118,2
1512221052,3
1512094699,5
1511575369,1
1512004737,3
1512256203,7
1512102593,3
1511958876,1
1512300245,5
1511706511,6
1511884052,1
1511872297,3
1511620509,1
1511681997,1
1512294219,4
1511871676,1
1512271873,1
1512190237,3
1512213987,1
1512302907,1
1511597037,1
1512106782,7
1512112501,4
1511768852,1
1511789328,1
1512210616,3
1512200499,2
1512277699,5
1512272201,3
1512221689,1
1512104275,3
1512291095,1
1511759399,3
1511975742,6
1511839930,2
1512274873,11
1512316675,6
1512049755,8
1512012084,11
1511949311,1
1511842898,3
1512043531,3
1512302922,14
1511589296,1
1512225199,2
1512128583,4
1512220664,2
1512114330,1
1512031972,2
1512050436,2
1512290397,3
1512216979,1
1512190811,2
1511965024,1
1511690645,3
1512267018,5
1512306212,5
1511788350,1
1512223199,4
1512293055,9
1511774662,3
1512267359,8
1511945404,1
1511740577,1
1512287199,6
1512280340,5
1511795928,1
1511761026,1
1512216724,6
1512113818,5
1512206210,5
1512271637,4
1512050757,2
1511783533,1
1511697530,4
1512139932,3
1512183523,3
1511586806,1
1512308767,5
1512118855,4
1511742054,1
1512275390,2
1511619455,1
1512110887,2
1512194311,2
1512277705,1
1512289813,4
1512272803,2
1512279287,3
1512140162,1
1512038234,4
1511680395,5
1511692561,1
1512212666,5
1512302438,2
1511684965,1
1512304823,4
1512307937,1
1511685319,1
1512018830,1
1512262145,4
1512304741,3
1512137938,4
1511802805,2
1512315702,4
1511785370,1
1511873570,1
1512032163,1
1511787435,1
1512252297,4
1512269028,4
1512225606,5
1512269452,4
1512296170,4
1512267208,3
1512098240,6
1512208729,1
1512119434,5
1512307405,12
1511819740,3
1511932005,5
1512112307,1
1512283399,3
1512101609,2
1512224415,2
1512112096,3
1511739854,2
1512238699,3
1511841791,1
1512046258,2
1511856363,4
1511558545,1
1511765442,1
1512277771,6
1512084628,2
1512278628,5
1512189291,9
1512285349,5
1512283814,4
1512093677,8
1512100901,2
1511944314,3
1512087292,4
1511618331,1
1512202244,12
1512106555,11
1512214704,9
1511932748,2
1512127296,1
1512273590,4
1511942952,1
1512105278,4
1511917709,1
1512277240,2
1512300620,2
1512313417,12
1512023872,3
1511862864,1
1512172082,3
1512296262,69
1512192572,2
1512300294,2
1512021515,1
1511755699,1
1512220319,1
1512107834,5
1511673006,1
1511602581,1
1512300463,5
1512261437,1
1512196698,1
1512235244,6
1511858269,1
1512298609,4
1512174348,5
1512289148,1
1512020103,7
1512131078,3
1512221718,1
1511936079,4
1511619161,2
1512105149,3
1512292674,3
1512009670,1
1512221237,2
1512134148,2
1512188541,1
1511799655,3
1512127107,6
1512308084,1
1512289526,1
1511756728,1
1512202726,2
1512268449,3
1511843169,4
1512222174,2
1512306743,7
1511886414,2
1512127092,2
1512289873,2
1512078110,1
1512130501,1
1512125501,1
1512301895,10
1512121624,7
1512167996,2
1512211181,2
1512315779,2
1512194076,3
1512186953,2
1512215246,7
1512035910,3
1512294377,2
1512315103,3
1512194253,8
1512195637,1
1511844351,1
1512171856,3
1512218472,4
1512066480,1
1512287659,12
1512308464,2
1512106975,2
1512256455,1
1512201866,2
1511844007,1
1512116913,1
1512094499,2
1512280072,2
1512274656,3
1512204212,1
1511912892,1
1511952013,2
1512194347,3
1511705715,4
1512213070,2
1512111857,2
1512218446,3
1512183086,3
1512284859,2
1511848617,2
1511702538,1
1512125377,4
1511678518,2
1512185000,1
1512216842,2
1512047691,2
1511931017,5
1512041174,1
1512116585,2
1511749348,5
1512131460,1
1512309174,3
1511877210,1
1511857382,2
1512269929,5
1511815995,5
1512201038,1
1511690012,1
1512032041,1
1512182872,4
1512197503,2
1511946819,1
1512063797,1
1511599234,1
1512022562,3
1512037366,1
1511947634,2
1511778981,1
1512305762,1
1512260774,1
1512143125,7
1511959170,2
1511959143,2
1511936066,1
1512206379,4
1512200825,12
1512300040,4
1512268185,10
1511607424,1
1512015641,4
1512025695,3
1512311864,7
1512174611,3
1511961161,1
1512219851,5
1512054400,2
1511860491,1
1512271033,6
1511919156,4
1511955714,2
1512305584,1
1512287000,3
1512281505,2
1512148017,1
1512307997,3
1512277388,4
1512049771,2
1512052912,3
1512204558,2
1512174658,6
1511666435,1
1512130470,5
1512297309,2
1512309486,1
1511945990,2
1512128849,1
1511778234,1
1512185001,2
1511672044,1
1511746345,3
1511597777,1
1511580794,1
1511620690,3
1511758957,12
1511946476,2
1512265807,2
1512218072,2
1512178067,5
1512275706,4
1511758773,2
1511771330,2
1512273754,3
1512191639,3
1512196162,4
1511913705,4
1512275458,5
1512087138,1
1512274539,1
1512182512,8
1512213446,1
1512146596,2
1511679562,1
1512129794,2
1511873272,2
1511920767,7
1511932988,1
1512104284,5
1512302767,1
1512307046,1
1511690215,2
1512227462,3
1511747052,1
1512271144,2
1512299254,7
1512273872,4
1511955070,2
1512188725,17
1511860504,2
1511934996,2
1512285953,23
1512296764,2
1512189001,1
1512131998,2
1512306521,5
1511935197,3
1511928976,1
1512105352,3
1512144720,3
1511773282,3
1511564933,1
1512194160,3
1512195670,3
1511920597,10
1512047955,1
1512292861,3
1512076960,3
1512194754,4
1512276135,1
1512288722,3
1512223555,2
1512271622,8
1512207239,3
1512183522,1
1512189634,2
1512181126,2
1512296842,2
1511601755,1
1512227980,1
1511792053,2
1511708824,2
1512313468,2
1512178003,1
1512181571,1
1512139453,11
1512305978,2
1512212085,2
1512220174,3
1511698652,2
1512274247,1
1512204481,3
1512026264,5
1511948045,1
1512270465,4
1511767299,2
1511878742,1
1512214995,5
1512309851,4
1512186668,2
1512209130,2
1512221742,1
1511680933,2
1512055272,1
1512211797,3
1512023143,3
1511855529,2
1511746303,1
1511962227,1
1511849596,3
1512045327,5
1512187397,3
1512280345,9
1511648901,1
1512278717,2
1511778108,1
1512227247,1
1511746411,5
1512218966,1
1512300403,1
1512029663,4
1512219007,3
1511946435,1
1511590755,1
1512172420,2
1512298131,2
1512151975,6
1511837693,1
1512038751,3
1512278189,1
1511834278,8
1511580618,2
1511688708,1
1512288828,4
1512143337,3
1512114931,3
1512088504,7
1512289276,4
1512194201,4
1512286666,1
1511972185,5
1511872760,1
1511713254,1
1512209115,11
1512097867,2
1512006117,1
1511883066,2
1511788150,2
1512224126,1
1511773640,1
1512301482,3
1512191757,7
1512096455,1
1512225651,3
1512049025,1
1512012809,2
1512189556,1
1512113661,3
1512024476,2
1512100456,1
1512256750,2
1512266640,2
1511971652,1
1511583824,1
1512273675,2
1512297206,1
1511748452,2
1511861902,4
1512114350,1
1511932792,1
1512029737,3
1512188741,4
1512302731,18
1511940013,1
1511541824,1
1511744255,3
1512225761,4
1512290157,4
1512198411,2
1511539783,1
1512128863,1
1511608594,1
1511846847,1
1512143096,2
1512216496,1
1512310942,11
1512227205,1
1512284197,2
1511923350,4
1512127224,1
1511614749,1
1512053717,6
1512225952,5
1511880951,2
1512086152,1
1511799760,3
1512181238,3
1511763193,1
1511671096,1
1512186550,2
1511964814,1
1512043349,2
1511769359,3
1512297780,2
1512209616,1
1511768387,1
1512057192,2
1512011887,1
1511614299,1
1512098131,1
1512128160,1
1511596985,3
1512194486,1
1512132075,2
1511701021,1
1512181761,9
1511960796,2
1511844177,4
1512225585,2
1512303022,4
1512280544,5
1512232132,2
1512217585,1
1512097279,2
1511592035,1
1512124390,1
1512305169,4
1512316433,2
1512276260,4
1512095261,1
1512313357,1
1511663243,2
1512306748,19
1512274776,1
1512123772,5
1511694517,1
1512269416,3
1512285967,1
1512168640,1
1511945080,3
1512096840,1
1511854948,3
1512211511,5
1512021428,2
1511562019,2
1511946056,2
1511747876,1
1512008541,1
1512121452,1
1512139742,6
1512307969,2
1512093245,2
1512115456,26
1512273983,2
1512312819,1
1511875741,3
1512272123,3
1512123647,3
1512100718,3
1512050541,6
1512266409,2
1512224963,1
1512225716,8
1512273029,4
1512167550,2
1511930941,2
1511864503,4
1512087759,1
1512115867,3
1512125630,5
1512029352,1
1512083184,1
1512162755,1
1511715648,1
1512209662,3
1512107749,2
1512103518,2
1512309635,12
1511748311,2
1512286384,5
1512302236,3
1512221951,3
1511879366,2
1512053060,10
1512288412,2
1512235686,3
1511947701,1
1511821873,1
1512112544,4
1512058819,2
1512029718,12
1512307505,6
1511580848,1
1512101245,2
1511670489,1
1511610589,1
1512282923,1
1511684242,1
1512030216,7
1512121270,4
1512208266,6
1511999518,4
1512282680,5
1511829913,1
1512314316,6
1512129489,2
1512229223,6
1511765197,1
1512203392,1
1511780727,9
1511785847,1
1511549359,1
1512105633,1
1512058705,4
1512144984,2
1512232422,5
1512032016,1
1511944471,6
1511657017,6
1512016156,1
1512094597,2
1512202194,1
1512227924,5
1512214716,4
1512093858,6
1511846933,1
1512288818,1
1511751942,1
1512286610,4
1512028862,2
1511708909,2
1512028369,5
1512305423,3
1512304187,2
1511668586,2
1512299356,5
1512285014,4
1512036046,7
1512271561,2
1512140888,3
1512216554,5
1512273834,1
1512299917,1
1511945932,2
1512290017,11
1511669172,1
1511775603,1
1512292380,2
1511789225,2
1512095744,2
1512112654,1
1511758681,2
1512121568,4
1512270948,3
1511937423,1
1512040481,2
1512264669,2
1512056991,2
1512008137,5
1511754171,2
1511938690,2
1512035555,1
1512173781,5
1511839754,3
1512266460,7
1512082564,5
1511954324,2
1511669731,1
1511798830,3
1512037011,1
1511678615,1
1512046850,2
1511754225,3
1511831896,1
1512189846,9
1511924379,1
1512306401,2
1512273414,1
1512143359,1
1512192456,3
1512217650,5
1511853489,2
1512145639,1
1511921269,2
1511846589,3
1511744393,1
1512224509,1
1512107184,2
1511986509,4
1512204889,4
1512223442,3
1512273457,1
1511703509,1
1511961111,1
1512197785,1
1512039858,3
1512012927,7
1511623283,1
1511651617,1
1512175629,2
1511884379,2
1512278388,2
1512016899,1
1511928262,2
1512100056,1
1512275713,4
1512000271,2
1512310912,1
1512311106,10
1512303422,1
1512073827,8
1512018026,3
1512227389,4
1511881988,4
1511848711,3
1512114484,2
1512024263,3
1512095275,3
1512013627,3
1512055509,1
1512305559,3
1511620318,1
1512225988,3
1512272789,1
1511696440,1
1512291188,1
1511781098,2
1512208892,2
1511953671,6
1512060658,1
1511937048,1
1511783163,1
1511865010,1
1512302896,1
1512030049,1
1512142836,3
1512039248,1
1512210082,8
1512031881,5
1511943314,1
1512011089,2
1512311339,1
1512016482,3
1512224145,3
1512270463,4
1512262940,1
1512115003,5
1512286653,3
1511947499,2
1512101133,1
1511711105,2
1511708737,2
1512273612,2
1511754792,1
1511854136,1
1511662585,3
1511764380,1
1512290263,10
1511839686,1
1512309019,8
1512302039,6
1512164951,2
1512265321,4
1512116269,1
1511777895,1
1512287244,1
1511937994,1
1512114843,2
1512197437,2
1512188303,5
1512200224,2
1511932447,5
1512220666,3
1511741064,6
1511849104,1
1511877232,2
1512198396,4
1512024679,2
1512185766,3
1512217534,4
1512133817,2
1512109702,1
1511611143,1
1512121909,1
1512049818,1
1511887326,2
1512219979,8
1512186931,3
1512144829,7
1512274154,3
1512271239,1
1511956033,1
1512123722,5
1511619551,1
1511687751,13
1511921428,1
1512179833,3
1511597409,1
1512242654,1
1512312718,1
1512011603,2
1511967134,3
1512087755,2
1511781814,3
1511671806,2
1512276140,1
1511960910,3
1511696058,3
1512186235,2
1512303850,2
1512312004,3
1511966215,4
1512104518,2
1512144863,1
1511847427,7
1511772841,1
1511699738,1
1512048231,1
1511584790,1
1511785740,4
1512271296,1
1511962286,1
1512296160,4
1512197579,7
1511928139,1
1512108850,1
1512013213,5
1512033633,6
1512302277,10
1512192889,3
1512258503,4
1512266644,2
1512044464,1
1511762994,1
1512219637,2
1511825066,1
1511706606,2
1512220375,3
1512208472,1
1512054896,2
1511963452,1
1512099741,7
1512022442,1
1512193669,1
1512125739,3
1512275781,1
1512266460,6
1511934775,1
1512185161,3
1512122205,11
1512314958,15
1512204631,2
1512208182,5
1511798426,2
1512269056,1
1512020307,1
1512045344,1
1512036793,1
1512305992,2
1512101467,2
1512307677,2
1512262072,3
1512015578,1
1512313121,4
1512305837,1
1512120599,3
1512282779,1
1512197933,3
1511846399,1
1512220372,5
1512235783,5
1511853018,1
1512039448,1
1512217992,2
1511707083,2
1511869441,3
1512057950,2
1512272254,4
1512315007,6
1511875809,3
1511777345,3
1512152410,9
1512077988,3
1511620192,2
1512025206,4
1512224261,5
1511943581,5
1512268386,6
1511952067,1
1512221674,6
1512284245,4
1512290319,7
1512007416,3
1512047150,2
1512278490,1
1512013722,5
1512221432,3
1512097738,2
1512283534,1
1512313706,5
1511697391,1
1511934083,3
1512296014,2
1512291852,3
1511613109,1
1511838627,1
1512278277,2
1511710264,1
1511957055,2
1511929188,2
1512206858,2
1512018922,3
1511996678,1
1511583585,1
1512138489,7
1511871915,1
1511882080,3
1512280428,1
1511967400,3
1511584156,1
1511540265,1
1512221433,1
1512110193,3
1512179504,2
1512038163,4
1512259998,3
1512270025,3
1512225573,2
1512181067,7
1512304829,2
1512037514,1
1511602672,1
1511634780,1
1512015022,1
1512207991,3
1512040775,2
1512200730,10
1511961404,3
1511762083,1
1512112034,3
1512295054,2
1512055251,2
1511571783,1
1511678630,1
1512123154,2
1512125430,1
1512226067,1
1511885893,2
1512300016,2
1512268377,1
1512292674,1
1512191277,2
1512185279,2
1512128477,4
1512307259,1
1511828721,1
1511950162,2
1511973624,3
1511764991,1
1512137550,1
1512307236,1
1511907143,5
1512307203,15
1512282191,1
1512048163,2
1511981106,1
1511701960,1
1511759886,3
1512194145,3
1512305015,2
1512227122,1
1512283906,2
1512204548,2
1512283487,6
1512281468,1
1512190597,2
1512284743,11
1512135922,3
1512048414,1
1511932515,3
1512289510,7
1511884053,1
1512011314,2
1512276886,6
1512008193,3
1511698073,2
1511754724,1
1512172890,1
1511711182,1
1512018234,3
1511657286,1
1512309137,9
1512298193,7
1512126471,1
1511954529,1
1512112153,16
1511965039,1
1512252444,17
1511663516,1
1512294450,3
1511870276,5
1512085569,2
1512310262,1
1511966038,2
1512002711,3
1512096587,5
1512138070,7
1512016398,3
1511967802,1
1512216767,1
1511928112,3
1512268927,2
1512178853,1
1511860116,2
1512052860,1
1512275370,32
1511739976,2
1511831273,1
1511892146,6
1512012952,4
1512108058,2
1511684507,1
1512308884,4
1512217739,6
1512030773,2
1511947391,4
1512117965,3
1511568258,1
1512216652,3
1512051756,9
1511860643,7
1512292440,1
1512309681,12
1511871476,2
1512220169,1
1511943635,9
1512305259,2
1511579876,1
1512220400,4
1511615843,2
1511914457,2
1511684511,2
1512100247,2
1512241000,2
1511665630,6
1512030161,1
1512177708,1
1511577076,3
1511707698,1
1511741702,6
1512314281,10
1512302519,65
1512305738,10
1511677233,1
1512280535,2
1511753508,3
1512037577,1
1511701210,1
1512114814,3
1511934608,1
1512287854,5
1512303083,6
1512019786,2
1511987731,1
1511914806,1
1511615572,1
1512115048,2
1512288711,5
1511743513,1
1512224300,6
1512308859,4
1512106008,5
1512133233,3
1512115400,6
1511569621,1
1512039632,2
1512200998,2
1512205332,2
1512273676,3
1512005268,2
1511625910,2
1512176471,3
1512284543,2
1512025675,1
1511649892,1
1512296385,8
1512220956,1
1512214981,2
1511614270,2
1512304150,3
1512054714,2
1512213536,4
1512215334,2
1512045768,5
